650.9096 0.99949328
650.91289 0.99886625
650.91618 0.99898485
650.91947 0.99904791
650.92276 0.99902799
650.92604 0.99884911
650.92933 0.9984075
650.93262 0.99775379
650.9359 0.99728558
650.93919 0.99743985
650.94248 0.99811735
650.94576 0.9988253
650.94905 0.99927939
650.95233 0.99951019
650.95562 0.99962676
650.9589 0.99969433
650.96219 0.99973957
650.96547 0.99977284
650.96875 0.99979872
650.97204 0.99981954
650.97532 0.99983658
650.9786 0.99985061
650.98189 0.99986213
650.98517 0.99987143
650.98845 0.99987866
650.99173 0.99988385
650.99501 0.99988686
650.9983 0.99988744
651.00158 0.9998851
651.00486 0.99987896
651.00814 0.99986747
651.01142 0.99984773
651.0147 0.99981372
651.01798 0.99975071
651.02126 0.99961726
651.02454 0.99930223
651.02782 0.99860513
651.03109 0.99745406
651.03437 0.99635618
651.03765 0.9961993
651.04093 0.99712757
651.04421 0.99832304
651.04748 0.99911514
651.05076 0.99946703
651.05404 0.99956224
651.05731 0.99947679
651.06059 0.99912618
651.06386 0.99838123
651.06714 0.99740911
651.07041 0.99682913
651.07369 0.99709257
651.07696 0.99791901
651.08024 0.99874116
651.08351 0.99928582
651.08679 0.99956733
651.09006 0.9996885
651.09333 0.99973407
651.09661 0.99974726
651.09988 0.99974427
651.10315 0.99972971
651.10642 0.99970208
651.1097 0.99965054
651.11297 0.9995449
651.11624 0.99934111
651.11951 0.99905425
651.12278 0.99883373
651.12605 0.99882046
651.12932 0.99891947
651.13259 0.99887288
651.13586 0.99845152
651.13913 0.99752684
651.1424 0.9963084
651.14567 0.99554586
651.14894 0.9958637
651.1522 0.99689568
651.15547 0.99778842
651.15874 0.99817719
651.16201 0.99818427
651.16527 0.99797809
651.16854 0.99761794
651.17181 0.99708399
651.17507 0.99629576
651.17834 0.99507433
651.18161 0.99301311
651.18487 0.9890923
651.18814 0.9808559
651.1914 0.96414392
651.19467 0.93733028
651.19793 0.91043749
651.20119 0.90266017
651.20446 0.92014637
651.20772 0.94702737
651.21098 0.96551292
651.21425 0.96952911
651.21751 0.95927678
651.22077 0.93885003
651.22403 0.92163875
651.2273 0.92350786
651.23056 0.94383023
651.23382 0.96706099
651.23708 0.98248195
651.24034 0.99014831
651.2436 0.99359901
651.24686 0.99517163
651.25012 0.99598588
651.25338 0.99664982
651.25664 0.99735789
651.2599 0.9979832
651.26316 0.99841419
651.26642 0.99867974
651.26967 0.99884085
651.27293 0.99891654
651.27619 0.99889161
651.27945 0.99878308
651.2827 0.99870568
651.28596 0.99878055
651.28922 0.99896558
651.29247 0.99910542
651.29573 0.99908609
651.29899 0.99882003
651.30224 0.99821932
651.3055 0.99741218
651.30875 0.99691043
651.31201 0.997111
651.31526 0.99769286
651.31851 0.99799487
651.32177 0.9977564
651.32502 0.99730284
651.32827 0.99718461
651.33153 0.99756148
651.33478 0.99806653
651.33803 0.99831769
651.34128 0.99819489
651.34454 0.99759493
651.34779 0.99599087
651.35104 0.9919414
651.35429 0.9835874
651.35754 0.97208032
651.36079 0.96445113
651.36404 0.96729947
651.36729 0.97766626
651.37054 0.98727356
651.37379 0.99255456
651.37704 0.99492185
651.38029 0.99600231
651.38353 0.99612976
651.38678 0.99532217
651.39003 0.99417619
651.39328 0.99375751
651.39652 0.99445288
651.39977 0.99551336
651.40302 0.99609732
651.40626 0.995991
651.40951 0.99524531
651.41276 0.99365899
651.416 0.99035567
651.41925 0.98326467
651.42249 0.96982211
651.42574 0.95154675
651.42898 0.93843594
651.43223 0.94094872
651.43547 0.95622622
651.43871 0.97209541
651.44196 0.98141128
651.4452 0.98464907
651.44844 0.98421162
651.45169 0.98110893
651.45493 0.97439972
651.45817 0.96033151
651.46141 0.93017216
651.46465 0.87128161
651.46789 0.78375703
651.47113 0.70588937
651.47437 0.69545591
651.47762 0.76156178
651.48086 0.85192859
651.48409 0.91909234
651.48733 0.95556816
651.49057 0.97311094
651.49381 0.98185111
651.49705 0.9866267
651.50029 0.98933691
651.50353 0.99077166
651.50676 0.99152971
651.51 0.99228712
651.51324 0.99340729
651.51648 0.99465705
651.51971 0.99564134
651.52295 0.99623723
651.52619 0.9965168
651.52942 0.99657154
651.53266 0.99649697
651.53589 0.99638725
651.53913 0.99625009
651.54236 0.99599865
651.5456 0.99556721
651.54883 0.9950257
651.55206 0.99456571
651.5553 0.99421659
651.55853 0.99356498
651.56176 0.99180888
651.565 0.98799715
651.56823 0.98161795
651.57146 0.97250547
651.57469 0.95795669
651.57792 0.93246488
651.58115 0.89908112
651.58439 0.87845779
651.58762 0.88915576
651.59085 0.92202792
651.59408 0.95330758
651.59731 0.97192854
651.60054 0.98114146
651.60377 0.98617566
651.60699 0.98913443
651.61022 0.99056061
651.61345 0.99088931
651.61668 0.99047202
651.61991 0.98942514
651.62314 0.98765
651.62636 0.98480113
651.62959 0.98000136
651.63282 0.97101809
651.63604 0.95292844
651.63927 0.91901432
651.6425 0.86805365
651.64572 0.80888257
651.64895 0.75032872
651.65217 0.69831705
651.6554 0.66450506
651.65862 0.65392833
651.66185 0.66472248
651.66507 0.70858477
651.66829 0.78712628
651.67152 0.86944358
651.67474 0.92650551
651.67796 0.95666831
651.68118 0.97103756
651.68441 0.97801047
651.68763 0.98128085
651.69085 0.9818679
651.69407 0.97882542
651.69729 0.96812749
651.70051 0.94226922
651.70373 0.8986962
651.70695 0.85637476
651.71017 0.84866817
651.71339 0.88302066
651.71661 0.93067683
651.71983 0.96474901
651.72305 0.98172412
651.72627 0.989014
651.72949 0.99234324
651.73271 0.99412314
651.73592 0.99519039
651.73914 0.99583579
651.74236 0.99611826
651.74558 0.9959187
651.74879 0.9950493
651.75201 0.99370714
651.75523 0.99283567
651.75844 0.99327757
651.76166 0.99460109
651.76487 0.99566095
651.76809 0.99591191
651.7713 0.99560494
651.77452 0.99518439
651.77773 0.99469653
651.78094 0.99366913
651.78416 0.99124196
651.78737 0.98559985
651.79058 0.9725712
651.7938 0.94655113
651.79701 0.90981519
651.80022 0.88251119
651.80343 0.88729556
651.80664 0.91984552
651.80986 0.9549702
651.81307 0.97722328
651.81628 0.98783351
651.81949 0.99253432
651.8227 0.99481271
651.82591 0.99606872
651.82912 0.99681488
651.83233 0.99724351
651.83554 0.99740653
651.83874 0.99728881
651.84195 0.99690021
651.84516 0.99631891
651.84837 0.99553604
651.85158 0.99433519
651.85478 0.99256382
651.85799 0.99054292
651.8612 0.98864877
651.8644 0.98600337
651.86761 0.98142318
651.87082 0.97688757
651.87402 0.97652152
651.87723 0.9809184
651.88043 0.98670029
651.88364 0.99104503
651.88684 0.99318028
651.89005 0.99304452
651.89325 0.99034755
651.89645 0.98504724
651.89966 0.97903705
651.90286 0.97547178
651.90606 0.97396703
651.90927 0.96963069
651.91247 0.96074591
651.91567 0.95416315
651.91887 0.95725724
651.92207 0.96727064
651.92527 0.9751452
651.92847 0.97497004
651.93168 0.96447667
651.93488 0.94180981
651.93808 0.9057407
651.94128 0.86136489
651.94447 0.82745075
651.94767 0.82500609
651.95087 0.85301809
651.95407 0.89298392
651.95727 0.93062578
651.96047 0.95917728
651.96367 0.97655062
651.96686 0.98538567
651.97006 0.98985097
651.97326 0.99248716
651.97645 0.99411889
651.97965 0.99495386
651.98285 0.99521587
651.98604 0.99524714
651.98924 0.99543575
651.99243 0.9960284
651.99563 0.9969048
651.99882 0.99770211
652.00202 0.99818947
652.00521 0.99836861
652.0084 0.99836477
652.0116 0.99836937
652.01479 0.99853225
652.01798 0.99882243
652.02118 0.9990989
652.02437 0.99928471
652.02756 0.99939316
652.03075 0.99945778
652.03394 0.99949759
652.03714 0.99951855
652.04033 0.99951902
652.04352 0.99948921
652.04671 0.99940164
652.0499 0.99918642
652.05309 0.99869693
652.05628 0.99774619
652.05947 0.99638167
652.06266 0.99524867
652.06584 0.99522789
652.06903 0.99637156
652.07222 0.99780542
652.07541 0.99880633
652.0786 0.99930864
652.08178 0.99952274
652.08497 0.99959773
652.08816 0.99957947
652.09134 0.99946487
652.09453 0.99927721
652.09772 0.99912882
652.1009 0.9991507
652.10409 0.9993359
652.10727 0.99955178
652.11046 0.99970019
652.11364 0.99977549
652.11682 0.99980779
652.12001 0.99981914
652.12319 0.9998191
652.12638 0.99981065
652.12956 0.99979307
652.13274 0.99976051
652.13592 0.99969305
652.13911 0.99954055
652.14229 0.99923911
652.14547 0.99882969
652.14865 0.99855405
652.15183 0.99862686
652.15501 0.99893022
652.15819 0.99917936
652.16137 0.99924724
652.16455 0.99915394
652.16773 0.99890618
652.17091 0.99842727
652.17409 0.99755097
652.17727 0.99592932
652.18045 0.99279009
652.18363 0.98743797
652.1868 0.9813752
652.18998 0.97866275
652.19316 0.98120769
652.19634 0.98596288
652.19951 0.98949324
652.20269 0.99131427
652.20587 0.99164506
652.20904 0.98941531
652.21222 0.98298268
652.21539 0.97262575
652.21857 0.96335332
652.22174 0.96229652
652.22492 0.97050051
652.22809 0.98163639
652.23127 0.98992209
652.23444 0.99440892
652.23761 0.99655542
652.24079 0.9976202
652.24396 0.99820654
652.24713 0.99856106
652.2503 0.99878725
652.25348 0.99893154
652.25665 0.99901438
652.25982 0.99904397
652.26299 0.99903078
652.26616 0.99900003
652.26933 0.99897604
652.2725 0.99894654
652.27567 0.99885703
652.27884 0.99863443
652.28201 0.99819801
652.28518 0.99743322
652.28835 0.99615919
652.29152 0.99439128
652.29468 0.99290369
652.29785 0.99283758
652.30102 0.9942025
652.30419 0.99576703
652.30736 0.99658157
652.31052 0.99654475
652.31369 0.99574182
652.31685 0.99379269
652.32002 0.98936256
652.32319 0.98024465
652.32635 0.96608618
652.32952 0.95294077
652.33268 0.95057691
652.33585 0.96080816
652.33901 0.97493997
652.34217 0.98492062
652.34534 0.98946772
652.3485 0.99042408
652.35167 0.98889365
652.35483 0.98441903
652.35799 0.9759055
652.36115 0.96423033
652.36432 0.9541821
652.36748 0.94989746
652.37064 0.94703417
652.3738 0.93331072
652.37696 0.89822216
652.38012 0.84699244
652.38328 0.80847021
652.38644 0.81349364
652.3896 0.85874582
652.39276 0.91193138
652.39592 0.94942796
652.39908 0.96975716
652.40224 0.98032441
652.4054 0.9864732
652.40855 0.99032698
652.41171 0.99270656
652.41487 0.99409639
652.41803 0.99477252
652.42118 0.99490858
652.42434 0.99482506
652.4275 0.99503066
652.43065 0.99578351
652.43381 0.99679539
652.43696 0.99763471
652.44012 0.99816312
652.44327 0.99846627
652.44643 0.9986379
652.44958 0.99870778
652.45274 0.99866193
652.45589 0.99849734
652.45904 0.9982713
652.4622 0.99807406
652.46535 0.99798674
652.4685 0.99809435
652.47165 0.99841497
652.47481 0.99882406
652.47796 0.99916863
652.48111 0.99939133
652.48426 0.9995155
652.48741 0.99958405
652.49056 0.99962651
652.49371 0.99965619
652.49686 0.99967777
652.50001 0.99969244
652.50316 0.99969913
652.50631 0.99969323
652.50946 0.99966265
652.51261 0.99958642
652.51576 0.99945492
652.51891 0.99931434
652.52205 0.99926078
652.5252 0.99933693
652.52835 0.9994744
652.5315 0.99958157
652.53464 0.99962884
652.53779 0.99963088
652.54093 0.99960432
652.54408 0.99955491
652.54723 0.99948006
652.55037 0.99937032
652.55352 0.99920646
652.55666 0.99894937
652.55981 0.99851056
652.56295 0.99767152
652.56609 0.99591137
652.56924 0.99233027
652.57238 0.9864528
652.57552 0.98008835
652.57867 0.97732009
652.58181 0.98022166
652.58495 0.98609307
652.58809 0.99114661
652.59123 0.99429689
652.59437 0.99627207
652.59752 0.99762446
652.60066 0.99848282
652.6038 0.99895645
652.60694 0.99918341
652.61008 0.99923825
652.61322 0.99913933
652.61636 0.99894972
652.61949 0.99884153
652.62263 0.99895959
652.62577 0.99924283
652.62891 0.99951414
652.63205 0.99968402
652.63518 0.99977077
652.63832 0.99981522
652.64146 0.99984089
652.6446 0.99985721
652.64773 0.99986761
652.65087 0.99987325
652.654 0.99987395
652.65714 0.99986784
652.66027 0.99984918
652.66341 0.99980301
652.66654 0.99970077
652.66968 0.99952037
652.67281 0.99930768
652.67595 0.9991956
652.67908 0.9992758
652.68221 0.99947895
652.68535 0.99966709
652.68848 0.99977782
652.69161 0.9998269
652.69474 0.99984419
652.69788 0.99984656
652.70101 0.99984061
652.70414 0.99982843
652.70727 0.99981025
652.7104 0.99978523
652.71353 0.99975153
652.71666 0.99970594
652.71979 0.99964286
652.72292 0.99955186
652.72605 0.99941049
652.72918 0.99916244
652.73231 0.99866506
652.73543 0.99763958
652.73856 0.99583803
652.74169 0.99355973
652.74482 0.9916584
652.74795 0.99023646
652.75107 0.98809712
652.7542 0.98485396
652.75733 0.98248082
652.76045 0.98318068
652.76358 0.98680706
652.7667 0.99135515
652.76983 0.9949663
652.77295 0.99701394
652.77608 0.99785018
652.7792 0.9981123
652.78233 0.99831561
652.78545 0.99866679
652.78857 0.9990755
652.7917 0.99939374
652.79482 0.99958579
652.79794 0.99969324
652.80107 0.9997578
652.80419 0.99980109
652.80731 0.9998326
652.81043 0.99985675
652.81355 0.99987583
652.81667 0.99989124
652.81979 0.99990388
652.82291 0.99991438
652.82603 0.99992316
652.82915 0.99993054
652.83227 0.99993674
652.83539 0.99994194
652.83851 0.99994623
652.84163 0.99994971
652.84475 0.99995245
652.84787 0.9999545
652.85098 0.99995587
652.8541 0.99995655
652.85722 0.99995648
652.86034 0.99995556
652.86345 0.99995363
652.86657 0.99995044
652.86969 0.9999456
652.8728 0.99993843
652.87592 0.99992775
652.87903 0.99991125
652.88215 0.99988381
652.88526 0.99983229
652.88838 0.99972125
652.89149 0.99947304
652.8946 0.99899709
652.89772 0.99835655
652.90083 0.99790965
652.90394 0.99801516
652.90706 0.99856957
652.91017 0.9991413
652.91328 0.99947042
652.91639 0.99958323
652.9195 0.99960642
652.92261 0.99963564
652.92573 0.99969751
652.92884 0.99976724
652.93195 0.99981562
652.93506 0.9998356
652.93817 0.99983441
652.94128 0.99981878
652.94439 0.99978986
652.94749 0.99974279
652.9506 0.99966379
652.95371 0.99952176
652.95682 0.99925721
652.95993 0.99877837
652.96303 0.99796228
652.96614 0.99670148
652.96925 0.99518197
652.97236 0.99418696
652.97546 0.99453179
652.97857 0.99601032
652.98167 0.99761041
652.98478 0.99866761
652.98788 0.99919263
652.99099 0.99942439
652.99409 0.99952707
652.9972 0.99957213
653.0003 0.99958678
653.00341 0.99958171
653.00651 0.99956123
653.00961 0.99952664
653.01272 0.99947729
653.01582 0.9994111
653.01892 0.99932411
653.02202 0.99920996
653.02512 0.99905856
653.02823 0.99885385
653.03133 0.99856937
653.03443 0.99815745
653.03753 0.99752357
653.04063 0.99645809
653.04373 0.99445017
653.04683 0.99030459
653.04993 0.98196329
653.05303 0.96822158
653.05613 0.9529882
653.05922 0.94572165
653.06232 0.95222062
653.06542 0.96723719
653.06852 0.9811929
653.07162 0.9898013
653.07471 0.99408896
653.07781 0.99612444
653.08091 0.99713289
653.084 0.99761775
653.0871 0.99771692
653.0902 0.99736317
653.09329 0.99643016
653.09639 0.99508051
653.09948 0.99406137
653.10258 0.99420465
653.10567 0.99546684
653.10876 0.99699902
653.11186 0.99812466
653.11495 0.99875333
653.11804 0.99907056
653.12114 0.99923565
653.12423 0.99932801
653.12732 0.9993816
653.13041 0.99941059
653.13351 0.99941915
653.1366 0.99940342
653.13969 0.99935495
653.14278 0.99927878
653.14587 0.99921194
653.14896 0.99919462
653.15205 0.99921724
653.15514 0.99923403
653.15823 0.9992184
653.16132 0.99917318
653.16441 0.99910792
653.16749 0.99902691
653.17058 0.99892991
653.17367 0.99881475
653.17676 0.9986783
653.17985 0.99851641
653.18293 0.99832315
653.18602 0.99808997
653.18911 0.99780578
653.19219 0.99745538
653.19528 0.9970169
653.19836 0.99645893
653.20145 0.99573351
653.20454 0.99476663
653.20762 0.99343817
653.2107 0.99153218
653.21379 0.9886321
653.21687 0.9838487
653.21996 0.97512272
653.22304 0.95791906
653.22612 0.92470748
653.22921 0.87104258
653.23229 0.81069688
653.23537 0.77838261
653.23845 0.79841301
653.24153 0.85519898
653.24462 0.91263906
653.2477 0.95070048
653.25078 0.97073371
653.25386 0.98065286
653.25694 0.98614301
653.26002 0.98977137
653.2631 0.99230633
653.26618 0.99397511
653.26926 0.99499356
653.27233 0.99559059
653.27541 0.99600112
653.27849 0.99643843
653.28157 0.99697147
653.28465 0.99750469
653.28772 0.99793151
653.2908 0.9982345
653.29388 0.99844864
653.29695 0.99860835
653.30003 0.99873361
653.30311 0.99883438
653.30618 0.99891598
653.30926 0.99898169
653.31233 0.99903366
653.31541 0.99907341
653.31848 0.99910192
653.32156 0.99911971
653.32463 0.99912695
653.3277 0.99912337
653.33078 0.9991081
653.33385 0.99907903
653.33692 0.99903079
653.33999 0.99895034
653.34307 0.99881489
653.34614 0.99860969
653.34921 0.99837104
653.35228 0.99818813
653.35535 0.99810707
653.35842 0.99806118
653.36149 0.99794564
653.36456 0.99770691
653.36763 0.99733143
653.3707 0.99679623
653.37377 0.99604007
653.37684 0.99493775
653.37991 0.99323604
653.38298 0.99038086
653.38605 0.98509687
653.38911 0.9746692
653.39218 0.95506413
653.39525 0.92522544
653.39832 0.89494849
653.40138 0.88292765
653.40445 0.8981408
653.40751 0.92870589
653.41058 0.95622912
653.41365 0.97234469
653.41671 0.97804653
653.41978 0.97667522
653.42284 0.97223305
653.4259 0.9699481
653.42897 0.97324588
653.43203 0.98049994
653.4351 0.98753561
653.43816 0.99210406
653.44122 0.99444439
653.44428 0.99546163
653.44735 0.99568095
653.45041 0.99511757
653.45347 0.99321549
653.45653 0.98880958
653.45959 0.98114481
653.46265 0.97241993
653.46572 0.9682048
653.46878 0.97198221
653.47184 0.98065182
653.4749 0.98857661
653.47795 0.9932567
653.48101 0.99526959
653.48407 0.99568813
653.48713 0.99494219
653.49019 0.9927571
653.49325 0.98834046
653.49631 0.98158729
653.49936 0.97518401
653.50242 0.97371696
653.50548 0.97857201
653.50853 0.98602218
653.51159 0.99181929
653.51465 0.99471392
653.5177 0.99555536
653.52076 0.99561177
653.52381 0.9958914
653.52687 0.99672247
653.52992 0.99774867
653.53297 0.99854232
653.53603 0.99900776
653.53908 0.99925505
653.54214 0.9993944
653.54519 0.99948239
653.54824 0.99954282
653.55129 0.99958602
653.55435 0.99961693
653.5574 0.99963816
653.56045 0.99965108
653.5635 0.99965621
653.56655 0.99965321
653.5696 0.99964066
653.57265 0.99961547
653.5757 0.99957165
653.57875 0.99949589
653.5818 0.99935073
653.58485 0.99900911
653.5879 0.99807932
653.59095 0.99578725
653.594 0.9917273
653.59705 0.98756607
653.6001 0.98655404
653.60314 0.98951879
653.60619 0.99360339
653.60924 0.99606039
653.61228 0.9966772
653.61533 0.99661384
653.61838 0.99682247
653.62142 0.9974555
653.62447 0.99814047
653.62751 0.99857732
653.63056 0.99874474
653.6336 0.99873542
653.63665 0.99861532
653.63969 0.99840321
653.64273 0.99808484
653.64578 0.99761638
653.64882 0.99690881
653.65186 0.99576977
653.65491 0.99374617
653.65795 0.98974351
653.66099 0.98147712
653.66403 0.96604964
653.66708 0.94412932
653.67012 0.9249014
653.67316 0.92084323
653.6762 0.93409634
653.67924 0.95463828
653.68228 0.9724017
653.68532 0.9841275
653.68836 0.99079103
653.6914 0.9942651
653.69444 0.99604071
653.69747 0.99696568
653.70051 0.99737852
653.70355 0.99733867
653.70659 0.99690236
653.70963 0.99639721
653.71266 0.99629513
653.7157 0.99668342
653.71874 0.99721328
653.72177 0.99761861
653.72481 0.99783297
653.72784 0.99768764
653.73088 0.99685606
653.73391 0.99514261
653.73695 0.99299429
653.73998 0.99164569
653.74302 0.99208697
653.74605 0.99393296
653.74909 0.99598529
653.75212 0.99751019
653.75515 0.99845944
653.75819 0.99901007
653.76122 0.99931822
653.76425 0.99949271
653.76728 0.99959873
653.77031 0.99966918
653.77335 0.99971933
653.77638 0.99975657
653.77941 0.99978492
653.78244 0.99980669
653.78547 0.99982328
653.7885 0.99983546
653.79153 0.99984357
653.79456 0.99984741
653.79759 0.99984618
653.80061 0.99983798
653.80364 0.99981826
653.80667 0.99977407
653.8097 0.99966288
653.81273 0.99935917
653.81575 0.99862349
653.81878 0.99733437
653.82181 0.99600908
653.82483 0.99566695
653.82786 0.99662297
653.83089 0.99804301
653.83391 0.99906193
653.83694 0.99954335
653.83996 0.99972274
653.84299 0.99978584
653.84601 0.9998064
653.84903 0.99980575
653.85206 0.99978798
653.85508 0.99974921
653.85811 0.99967543
653.86113 0.9995293
653.86415 0.99922053
653.86717 0.99858598
653.8702 0.99750656
653.87322 0.99623687
653.87624 0.99550798
653.87926 0.99587816
653.88228 0.99704887
653.8853 0.99824395
653.88832 0.99902393
653.89134 0.99941943
653.89436 0.99960234
653.89738 0.99968919
653.9004 0.99973202
653.90342 0.99975135
653.90644 0.99975543
653.90946 0.99974747
653.91247 0.99972809
653.91549 0.99969583
653.91851 0.9996469
653.92153 0.99957364
653.92454 0.99945977
653.92756 0.99927008
653.93058 0.99893755
653.93359 0.99835667
653.93661 0.99736417
653.93962 0.99567533
653.94264 0.9930029
653.94565 0.98975447
653.94867 0.98756497
653.95168 0.9880634
653.9547 0.99093674
653.95771 0.99429934
653.96072 0.99674893
653.96374 0.99812235
653.96675 0.99881562
653.96976 0.99917559
653.97277 0.9993801
653.97579 0.99950637
653.9788 0.99958872
653.98181 0.99964402
653.98482 0.99968126
653.98783 0.99970546
653.99084 0.99971952
653.99385 0.99972507
653.99686 0.99972287
653.99987 0.99971293
654.00288 0.99969459
654.00589 0.99966637
654.0089 0.99962572
654.01191 0.99956846
654.01491 0.99948765
654.01792 0.99937104
654.02093 0.99919595
654.02394 0.99891613
654.02694 0.99842583
654.02995 0.99747468
654.03296 0.99555805
654.03596 0.99205322
654.03897 0.98708547
654.04197 0.98258569
654.04498 0.9813397
654.04798 0.98409918
654.05099 0.98881789
654.05399 0.99306933
654.057 0.99588745
654.06 0.9974773
654.063 0.99834359
654.06601 0.9988394
654.06901 0.99912331
654.07201 0.99925013
654.07501 0.99922344
654.07802 0.99904505
654.08102 0.99881309
654.08402 0.99873065
654.08702 0.99890796
654.09002 0.99922522
654.09302 0.99949373
654.09602 0.99964511
654.09902 0.99971164
654.10202 0.99973567
654.10502 0.99973733
654.10802 0.9997196
654.11102 0.99967355
654.11402 0.99958038
654.11702 0.99942648
654.12001 0.99923807
654.12301 0.99908716
654.12601 0.99901033
654.12901 0.99890942
654.132 0.99858263
654.135 0.99791506
654.138 0.9971248
654.14099 0.99673768
654.14399 0.99707778
654.14698 0.99788224
654.14998 0.99864072
654.15297 0.99910609
654.15597 0.99932246
654.15896 0.99940326
654.16195 0.99941938
654.16495 0.99940001
654.16794 0.99935309
654.17093 0.99927357
654.17393 0.9991461
654.17692 0.99896067
654.17991 0.99874348
654.1829 0.99855302
654.1859 0.99840764
654.18889 0.99823577
654.19188 0.99791659
654.19487 0.9973006
654.19786 0.99614072
654.20085 0.99410736
654.20384 0.99117577
654.20683 0.988159
654.20982 0.9862768
654.21281 0.98555189
654.21579 0.98391199
654.21878 0.97770796
654.22177 0.96244618
654.22476 0.93558985
654.22775 0.90377463
654.23073 0.88498347
654.23372 0.89341667
654.23671 0.9227236
654.23969 0.95381528
654.24268 0.97488307
654.24566 0.98595352
654.24865 0.99126962
654.25163 0.99395784
654.25462 0.99547639
654.2576 0.99641846
654.26059 0.99703685
654.26357 0.99745195
654.26656 0.99772601
654.26954 0.99789073
654.27252 0.99795769
654.2755 0.9979176
654.27849 0.99772637
654.28147 0.99726507
654.28445 0.99625893
654.28743 0.9942447
654.29041 0.99091993
654.2934 0.98702353
654.29638 0.98457463
654.29936 0.98508021
654.30234 0.98767258
654.30532 0.99017974
654.3083 0.99159469
654.31128 0.99250717
654.31425 0.99367129
654.31723 0.99506672
654.32021 0.99625174
654.32319 0.99699026
654.32617 0.99734309
654.32914 0.99745367
654.33212 0.99742028
654.3351 0.99728788
654.33808 0.99706897
654.34105 0.99675318
654.34403 0.99630958
654.347 0.99570352
654.34998 0.99494094
654.35295 0.99408384
654.35593 0.9931559
654.3589 0.99203007
654.36188 0.99045471
654.36485 0.98812477
654.36783 0.98460436
654.3708 0.97904701
654.37377 0.96958334
654.37674 0.95207059
654.37972 0.91875076
654.38269 0.8608743
654.38566 0.78140009
654.38863 0.71000578
654.3916 0.69028619
654.39458 0.73646869
654.39755 0.81653894
654.40052 0.88857539
654.40349 0.93523875
654.40646 0.9607356
654.40943 0.97419697
654.4124 0.98173261
654.41537 0.98632919
654.41833 0.98934316
654.4213 0.99140168
654.42427 0.99276289
654.42724 0.99348038
654.43021 0.99363804
654.43317 0.99365532
654.43614 0.99413164
654.43911 0.99518046
654.44207 0.99632302
654.44504 0.99714614
654.44801 0.99762514
654.45097 0.99789601
654.45394 0.99803712
654.4569 0.99804346
654.45987 0.99789253
654.46283 0.99765581
654.46579 0.997541
654.46876 0.99771731
654.47172 0.99811043
654.47468 0.99849882
654.47765 0.99874954
654.48061 0.99886339
654.48357 0.99887881
654.48653 0.99880159
654.4895 0.9985722
654.49246 0.99800812
654.49542 0.9967445
654.49838 0.99444216
654.50134 0.99151981
654.5043 0.98957796
654.50726 0.99010521
654.51022 0.99267881
654.51318 0.99550342
654.51614 0.99738607
654.5191 0.99829553
654.52206 0.99863583
654.52501 0.99873202
654.52797 0.99877421
654.53093 0.99884714
654.53389 0.99894013
654.53684 0.99900094
654.5398 0.99899736
654.54276 0.9989246
654.54571 0.99877992
654.54867 0.99854273
654.55162 0.99817239
654.55458 0.99762099
654.55753 0.99682308
654.56049 0.99556589
654.56344 0.99318537
654.5664 0.98823378
654.56935 0.97886295
654.5723 0.96519815
654.57526 0.95244426
654.57821 0.94854612
654.58116 0.95567727
654.58412 0.96764898
654.58707 0.97765795
654.59002 0.98424612
654.59297 0.98894011
654.59592 0.99261685
654.59887 0.99524745
654.60182 0.99687468
654.60477 0.99780395
654.60772 0.99833801
654.61067 0.99865295
654.61362 0.99882082
654.61657 0.99885446
654.61952 0.99875833
654.62247 0.99860023
654.62542 0.99852981
654.62837 0.99865899
654.63131 0.99893837
654.63426 0.99922313
654.63721 0.99942267
654.64015 0.99953686
654.6431 0.99959894
654.64605 0.99963394
654.64899 0.99965409
654.65194 0.99966458
654.65488 0.99966751
654.65783 0.99966348
654.66077 0.99965215
654.66372 0.99963212
654.66666 0.99960036
654.66961 0.99955041
654.67255 0.99946761
654.67549 0.99931635
654.67844 0.9990197
654.68138 0.9984662
654.68432 0.99762522
654.68726 0.99673861
654.6902 0.99624926
654.69315 0.99632417
654.69609 0.9966342
654.69903 0.99683978
654.70197 0.99701743
654.70491 0.99738732
654.70785 0.99790506
654.71079 0.99833283
654.71373 0.99850729
654.71667 0.99840521
654.71961 0.99811739
654.72254 0.99784415
654.72548 0.99775496
654.72842 0.99779961
654.73136 0.99778424
654.7343 0.99759039
654.73723 0.99720848
654.74017 0.99663759
654.74311 0.9958265
654.74604 0.99464692
654.74898 0.99282772
654.75191 0.98976689
654.75485 0.98405223
654.75778 0.97265115
654.76072 0.95095974
654.76365 0.9171107
654.76659 0.88056979
654.76952 0.86213005
654.77245 0.87511245
654.77539 0.90986629
654.77832 0.94521065
654.78125 0.96911376
654.78419 0.98197845
654.78712 0.98834432
654.79005 0.99159037
654.79298 0.99336352
654.79591 0.99439723
654.79884 0.9950327
654.80177 0.99537197
654.8047 0.9953531
654.80763 0.99494448
654.81056 0.99438764
654.81349 0.99413925
654.81642 0.99441013
654.81935 0.99491581
654.82228 0.99522712
654.82521 0.99515312
654.82814 0.99471218
654.83106 0.99393819
654.83399 0.99278368
654.83692 0.99109676
654.83984 0.98856149
654.84277 0.98450767
654.8457 0.97744879
654.84862 0.96406647
654.85155 0.93807846
654.85447 0.89243897
654.8574 0.82991902
654.86032 0.77487982
654.86325 0.76158173
654.86617 0.79965
654.8691 0.86275137
654.87202 0.91811578
654.87494 0.95311493
654.87787 0.97176671
654.88079 0.9813375
654.88371 0.98653728
654.88663 0.98958365
654.88955 0.99141814
654.89248 0.99239922
654.8954 0.9925455
654.89832 0.99161919
654.90124 0.98934376
654.90416 0.98595786
654.90708 0.98257826
654.91 0.9804476
654.91292 0.97974284
654.91584 0.98001716
654.91876 0.9815833
654.92167 0.98495627
654.92459 0.98935626
654.92751 0.99321581
654.93043 0.99574022
654.93335 0.99713711
654.93626 0.99789238
654.93918 0.99833771
654.9421 0.99863084
654.94501 0.99884093
654.94793 0.99900055
654.95084 0.99912653
654.95376 0.99922863
654.95667 0.99931301
654.95959 0.99938378
654.9625 0.99944376
654.96542 0.99949494
654.96833 0.99953872
654.97124 0.99957615
654.97416 0.99960794
654.97707 0.99963446
654.97998 0.99965591
654.9829 0.99967222
654.98581 0.99968285
654.98872 0.99968675
654.99163 0.99968184
654.99454 0.99966405
654.99745 0.99962482
655.00036 0.99954324
655.00327 0.99936312
655.00618 0.99894353
655.00909 0.99803331
655.012 0.99647063
655.01491 0.99467568
655.01782 0.99373342
655.02073 0.99438204
655.02364 0.9960895
655.02655 0.9977123
655.02945 0.9986586
655.03236 0.99903193
655.03527 0.99916183
655.03817 0.99928427
655.04108 0.99945389
655.04399 0.99960875
655.04689 0.99969126
655.0498 0.99970321
655.0527 0.99968969
655.05561 0.9997005
655.05851 0.99974986
655.06142 0.99981189
655.06432 0.9998578
655.06723 0.99988059
655.07013 0.99988674
655.07303 0.99988244
655.07594 0.99986935
655.07884 0.99984485
655.08174 0.99979992
655.08464 0.99971105
655.08754 0.99952584
655.09045 0.99916683
655.09335 0.99861392
655.09625 0.9980447
655.09915 0.99780174
655.10205 0.99806219
655.10495 0.9986249
655.10785 0.99915107
655.11075 0.99947975
655.11365 0.99963996
655.11655 0.99970802
655.11944 0.99973354
655.12234 0.99973864
655.12524 0.99973198
655.12814 0.99971696
655.13103 0.99969477
655.13393 0.99966532
655.13683 0.9996276
655.13972 0.99957947
655.14262 0.99951679
655.14552 0.99943174
655.14841 0.99930762
655.15131 0.99910622
655.1542 0.99874709
655.1571 0.99810436
655.15999 0.9970899
655.16289 0.99580606
655.16578 0.99453335
655.16867 0.99348316
655.17157 0.99277076
655.17446 0.99266851
655.17735 0.99342643
655.18024 0.99477012
655.18314 0.99600345
655.18603 0.99660489
655.18892 0.9963529
655.19181 0.9948121
655.1947 0.99079239
655.19759 0.98289051
655.20048 0.97219594
655.20337 0.96436546
655.20626 0.96533641
655.20915 0.97414681
655.21204 0.98420486
655.21493 0.9908135
655.21782 0.99376541
655.2207 0.99462987
655.22359 0.99457319
655.22648 0.99413432
655.22937 0.9934953
655.23225 0.99260433
655.23514 0.99126844
655.23803 0.98922417
655.24091 0.98606191
655.2438 0.98093968
655.24668 0.97196803
655.24957 0.95502278
655.25245 0.9228321
655.25534 0.86852705
655.25822 0.79799854
655.26111 0.74015818
655.26399 0.73036543
655.26687 0.77386937
655.26976 0.83956084
655.27264 0.89377887
655.27552 0.92689289
655.27841 0.94678643
655.28129 0.96161586
655.28417 0.97356793
655.28705 0.98213615
655.28993 0.9875149
655.29281 0.99073122
655.29569 0.99273246
655.29857 0.99407492
655.30145 0.99503448
655.30433 0.99574949
655.30721 0.99629601
655.31009 0.99672007
655.31297 0.99705125
655.31585 0.99730889
655.31873 0.9975055
655.3216 0.99764898
655.32448 0.99774317
655.32736 0.99778629
655.33023 0.99776746
655.33311 0.99765995
655.33599 0.9974217
655.33886 0.99702778
655.34174 0.99653757
655.34461 0.99610544
655.34749 0.99583874
655.35036 0.99564312
655.35324 0.99526418
655.35611 0.99442938
655.35899 0.99282372
655.36186 0.9898197
655.36473 0.98396274
655.36761 0.97251091
655.37048 0.95253585
655.37335 0.9255013
655.37622 0.9020013
655.3791 0.89656403
655.38197 0.91309505
655.38484 0.94028848
655.38771 0.96424128
655.39058 0.97946184
655.39345 0.98757018
655.39632 0.99170959
655.39919 0.99392549
655.40206 0.99517923
655.40493 0.99586704
655.4078 0.99610214
655.41067 0.99577511
655.41354 0.99450934
655.4164 0.99178698
655.41927 0.98767171
655.42214 0.98377071
655.42501 0.98263006
655.42787 0.98518639
655.43074 0.98967764
655.43361 0.99367584
655.43647 0.99616632
655.43934 0.99743169
655.4422 0.99801795
655.44507 0.99825878
655.44793 0.99827002
655.4508 0.9979959
655.45366 0.99715207
655.45652 0.99516282
655.45939 0.9915286
655.46225 0.98686223
655.46511 0.98329108
655.46798 0.98269927
655.47084 0.9845996
655.4737 0.98712014
655.47656 0.98946415
655.47943 0.99191837
655.48229 0.99438146
655.48515 0.9962791
655.48801 0.99732638
655.49087 0.99762886
655.49373 0.9972852
655.49659 0.99612373
655.49945 0.99378416
655.50231 0.99030239
655.50517 0.98688905
655.50802 0.98556458
655.51088 0.98723196
655.51374 0.9906124
655.5166 0.99363076
655.51945 0.99525594
655.52231 0.99569778
655.52517 0.99558022
655.52802 0.99516508
655.53088 0.99403687
655.53374 0.99162268
655.53659 0.98834009
655.53945 0.98605476
655.5423 0.98657534
655.54516 0.98965949
655.54801 0.99334959
655.55087 0.99607719
655.55372 0.9975673
655.55657 0.99820155
655.55943 0.99831245
655.56228 0.99803818
655.56513 0.99749638
655.56798 0.99696019
655.57084 0.9967675
655.57369 0.99697866
655.57654 0.99722813
655.57939 0.99699994
655.58224 0.99603142
655.58509 0.9946353
655.58794 0.99369664
655.59079 0.99398083
655.59364 0.99534719
655.59649 0.99695121
655.59934 0.99813744
655.60219 0.99880114
655.60504 0.99911745
655.60788 0.99925215
655.61073 0.99928768
655.61358 0.99924614
655.61643 0.99910626
655.61927 0.99879505
655.62212 0.99818304
655.62497 0.99717616
655.62781 0.99594746
655.63066 0.99505408
655.6335 0.99506332
655.63635 0.9959558
655.63919 0.99715159
655.64204 0.99810699
655.64488 0.99866957
655.64773 0.99893883
655.65057 0.99903876
655.65341 0.99903277
655.65626 0.99892854
655.6591 0.9987165
655.66194 0.998435
655.66478 0.99820221
655.66763 0.99812649
655.67047 0.99817786
655.67331 0.99822084
655.67615 0.99815536
655.67899 0.99796314
655.68183 0.99765632
655.68467 0.99723151
655.68751 0.99665765
655.69035 0.99587103
655.69319 0.99475625
655.69603 0.99309223
655.69887 0.99041312
655.70171 0.98566289
655.70454 0.97645752
655.70738 0.9583978
655.71022 0.92704348
655.71306 0.88533972
655.71589 0.85037502
655.71873 0.843961
655.72157 0.87069944
655.7244 0.91251517
655.72724 0.94852344
655.73007 0.97102224
655.73291 0.98284706
655.73574 0.98884874
655.73858 0.99209975
655.74141 0.99404027
655.74425 0.99529727
655.74708 0.99615695
655.74991 0.9967651
655.75275 0.99720221
655.75558 0.99751284
655.75841 0.99771919
655.76124 0.99781951
655.76407 0.99777826
655.76691 0.99753408
655.76974 0.99707358
655.77257 0.99651355
655.7754 0.9959944
655.77823 0.99541708
655.78106 0.99444904
655.78389 0.99288585
655.78672 0.9908826
655.78955 0.98888465
655.79238 0.9874468
655.7952 0.98675547
655.79803 0.98594985
655.80086 0.98308211
655.80369 0.97604746
655.80651 0.96385409
655.80934 0.94795681
655.81217 0.9339853
655.81499 0.93020691
655.81782 0.94026865
655.82065 0.95839956
655.82347 0.97525379
655.8263 0.98621072
655.82912 0.99195627
655.83195 0.99474855
655.83477 0.99615189
655.8376 0.99689909
655.84042 0.99727888
655.84324 0.99737922
655.84607 0.99715366
655.84889 0.99636966
655.85171 0.99449465
655.85453 0.99080091
655.85736 0.98525856
655.86018 0.97980349
655.863 0.97774569
655.86582 0.98059708
655.86864 0.98633481
655.87146 0.99169254
655.87428 0.99510307
655.8771 0.99685692
655.87992 0.99776928
655.88274 0.99835629
655.88556 0.99878247
655.88838 0.9990749
655.8912 0.99925808
655.89401 0.99936673
655.89683 0.99942407
655.89965 0.99943073
655.90247 0.99935711
655.90528 0.99913746
655.9081 0.9987105
655.91092 0.99814787
655.91373 0.99773771
655.91655 0.99777747
655.91936 0.99824681
655.92218 0.99882537
655.92499 0.99923285
655.92781 0.99940507
655.93062 0.9994238
655.93344 0.99941068
655.93625 0.99944799
655.93906 0.99952668
655.94187 0.99957876
655.94469 0.99954388
655.9475 0.99938425
655.95031 0.99908592
655.95312 0.99871499
655.95594 0.99845389
655.95875 0.99847548
655.96156 0.99876002
655.96437 0.99911922
655.96718 0.99939105
655.96999 0.99953611
655.9728 0.99958253
655.97561 0.99955019
655.97842 0.99943656
655.98123 0.99926065
655.98403 0.99910733
655.98684 0.9990777
655.98965 0.99917524
655.99246 0.99930207
655.99527 0.99937281
655.99807 0.99937433
656.00088 0.99932907
656.00369 0.99925514
656.00649 0.99915817
656.0093 0.99903613
656.0121 0.99888286
656.01491 0.99868827
656.01771 0.99843674
656.02052 0.99810396
656.02332 0.99764952
656.02613 0.997002
656.02893 0.99602511
656.03173 0.99442399
656.03454 0.9915332
656.03734 0.98596413
656.04014 0.97549412
656.04294 0.95861729
656.04575 0.93835242
656.04855 0.9240543
656.05135 0.92479955
656.05415 0.94002142
656.05695 0.96003524
656.05975 0.97586965
656.06255 0.98497995
656.06535 0.98919638
656.06815 0.99105709
656.07095 0.99218159
656.07375 0.99303041
656.07655 0.99339202
656.07935 0.99322352
656.08214 0.99301408
656.08494 0.99329303
656.08774 0.99400413
656.09054 0.99456566
656.09333 0.99435377
656.09613 0.99276936
656.09893 0.98881157
656.10172 0.98095632
656.10452 0.96862311
656.10731 0.95501334
656.11011 0.94730196
656.1129 0.95066202
656.1157 0.96259786
656.11849 0.97574657
656.12129 0.98518582
656.12408 0.99063834
656.12687 0.99377453
656.12967 0.99577002
656.13246 0.99705988
656.13525 0.99785109
656.13804 0.99832799
656.14083 0.99863008
656.14363 0.99883446
656.14642 0.99897746
656.14921 0.99907653
656.152 0.99913929
656.15479 0.99916591
656.15758 0.99914657
656.16037 0.99905034
656.16316 0.99880337
656.16595 0.9982792
656.16874 0.99738066
656.17152 0.99625805
656.17431 0.99540227
656.1771 0.99526683
656.17989 0.9957024
656.18268 0.99604526
656.18546 0.99582853
656.18825 0.99526434
656.19104 0.99501327
656.19382 0.99549868
656.19661 0.99650672
656.19939 0.9974862
656.20218 0.99807134
656.20496 0.99818961
656.20775 0.99786832
656.21053 0.99717822
656.21332 0.99640998
656.2161 0.99604386
656.21888 0.99627866
656.22167 0.99673319
656.22445 0.99683011
656.22723 0.996306
656.23001 0.9951722
656.2328 0.9931953
656.23558 0.98952034
656.23836 0.98324522
656.24114 0.97517959
656.24392 0.96896827
656.2467 0.96857407
656.24948 0.97406649
656.25226 0.98166217
656.25504 0.98797778
656.25782 0.99224632
656.2606 0.9950245
656.26338 0.99678536
656.26616 0.99780216
656.26893 0.99831905
656.27171 0.99852191
656.27449 0.99848426
656.27727 0.99821326
656.28004 0.99775894
656.28282 0.99728101
656.28559 0.99696672
656.28837 0.99689117
656.29115 0.99704163
656.29392 0.99739739
656.2967 0.99788467
656.29947 0.99834765
656.30225 0.99866017
656.30502 0.99880136
656.30779 0.99881196
656.31057 0.9987206
656.31334 0.99850693
656.31611 0.99809069
656.31889 0.99738255
656.32166 0.99645084
656.32443 0.99561606
656.3272 0.99518585
656.32997 0.99502994
656.33274 0.99457642
656.33552 0.99309771
656.33829 0.9896152
656.34106 0.98246329
656.34383 0.9697646
656.3466 0.95214399
656.34937 0.93592029
656.35213 0.93046751
656.3549 0.9394713
656.35767 0.95683725
656.36044 0.9732965
656.36321 0.9842263
656.36597 0.99009669
656.36874 0.99297248
656.37151 0.9943587
656.37428 0.99499716
656.37704 0.99520224
656.37981 0.9950874
656.38257 0.99466393
656.38534 0.99385278
656.3881 0.99242323
656.39087 0.98982476
656.39363 0.98489971
656.3964 0.97594107
656.39916 0.96208545
656.40193 0.94588549
656.40469 0.93303297
656.40745 0.92595336
656.41021 0.91778978
656.41298 0.89721122
656.41574 0.86259585
656.4185 0.83058904
656.42126 0.82482666
656.42402 0.85235102
656.42678 0.89701565
656.42955 0.93730972
656.43231 0.96371167
656.43507 0.97816162
656.43783 0.98568262
656.44058 0.9897779
656.44334 0.99219862
656.4461 0.99368906
656.44886 0.99455287
656.45162 0.99493736
656.45438 0.99502252
656.45714 0.99509132
656.45989 0.99535679
656.46265 0.9957185
656.46541 0.99576666
656.46816 0.99504126
656.47092 0.99340231
656.47367 0.99141758
656.47643 0.99030797
656.47919 0.99097267
656.48194 0.9930414
656.48469 0.99532584
656.48745 0.9969625
656.4902 0.99779552
656.49296 0.9979885
656.49571 0.99771535
656.49846 0.99721681
656.50122 0.99689698
656.50397 0.99708742
656.50672 0.9977235
656.50947 0.99844141
656.51222 0.99896487
656.51498 0.99925823
656.51773 0.99940413
656.52048 0.99947733
656.52323 0.99951489
656.52598 0.99953023
656.52873 0.99952634
656.53148 0.99950006
656.53423 0.99944092
656.53698 0.99932388
656.53972 0.99909224
656.54247 0.99863276
656.54522 0.9977727
656.54797 0.99638703
656.55072 0.99464952
656.55346 0.99321824
656.55621 0.99290781
656.55896 0.99394737
656.5617 0.99570668
656.56445 0.99733199
656.56719 0.99841194
656.56994 0.99899587
656.57268 0.99927706
656.57543 0.99938957
656.57817 0.99938156
656.58092 0.99924505
656.58366 0.99896932
656.5864 0.99862046
656.58915 0.99837364
656.59189 0.99839787
656.59463 0.99868746
656.59738 0.99906992
656.60012 0.9993799
656.60286 0.99956687
656.6056 0.99965958
656.60834 0.99969741
656.61108 0.99970398
656.61382 0.99968756
656.61656 0.9996465
656.6193 0.99957152
656.62204 0.99944799
656.62478 0.99925583
656.62752 0.99895948
656.63026 0.9985042
656.633 0.99786717
656.63574 0.99714655
656.63847 0.99651562
656.64121 0.99599306
656.64395 0.99525501
656.64669 0.99370116
656.64942 0.99087502
656.65216 0.98717558
656.65489 0.98418516
656.65763 0.98373608
656.66037 0.98628197
656.6631 0.99043018
656.66584 0.99420151
656.66857 0.99655671
656.6713 0.99766418
656.67404 0.99815376
656.67677 0.9984604
656.6795 0.99866673
656.68224 0.99866982
656.68497 0.99840947
656.6877 0.9980042
656.69043 0.99773243
656.69317 0.99782503
656.6959 0.9982493
656.69863 0.99877196
656.70136 0.99919722
656.70409 0.99947404
656.70682 0.99963583
656.70955 0.99972715
656.71228 0.99977889
656.71501 0.99980918
656.71774 0.99982744
656.72047 0.9998383
656.7232 0.99984392
656.72592 0.99984534
656.72865 0.99984293
656.73138 0.99983667
656.73411 0.99982621
656.73683 0.99981076
656.73956 0.99978887
656.74229 0.99975796
656.74501 0.99971326
656.74774 0.99964442
656.75046 0.99952791
656.75319 0.99931127
656.75591 0.99890509
656.75864 0.99822869
656.76136 0.99733896
656.76409 0.99647686
656.76681 0.99580909
656.76953 0.99509501
656.77226 0.99390245
656.77498 0.99231613
656.7777 0.99116627
656.78042 0.99130991
656.78315 0.99280557
656.78587 0.99490698
656.78859 0.9967815
656.79131 0.99804487
656.79403 0.9987454
656.79675 0.99909114
656.79947 0.99924835
656.80219 0.99930205
656.80491 0.99927898
656.80763 0.99917133
656.81035 0.99894718
656.81307 0.99855869
656.81578 0.9979812
656.8185 0.99730897
656.82122 0.99681676
656.82394 0.99679072
656.82665 0.99723
656.82937 0.99783699
656.83209 0.9983025
656.8348 0.99851088
656.83752 0.99848554
656.84024 0.99824319
656.84295 0.99769779
656.84567 0.99660185
656.84838 0.99462661
656.85109 0.99175384
656.85381 0.98878259
656.85652 0.98699076
656.85924 0.98665854
656.86195 0.98606561
656.86466 0.98231192
656.86737 0.97345259
656.87009 0.96091799
656.8728 0.9499559
656.87551 0.94510601
656.87822 0.94510741
656.88093 0.94555078
656.88364 0.94600439
656.88635 0.95036621
656.88906 0.9602911
656.89177 0.97244144
656.89448 0.98235979
656.89719 0.98814432
656.8999 0.99018104
656.90261 0.98959577
656.90532 0.98793455
656.90802 0.98708736
656.91073 0.98825627
656.91344 0.99098479
656.91615 0.99380395
656.91885 0.99568631
656.92156 0.99645255
656.92427 0.99621874
656.92697 0.99496784
656.92968 0.99264963
656.93238 0.98947609
656.93509 0.98581912
656.93779 0.98194381
656.9405 0.97858275
656.9432 0.97752799
656.9459 0.98016415
656.94861 0.98551519
656.95131 0.99098501
656.95401 0.99482876
656.95672 0.99695407
656.95942 0.99800767
656.96212 0.99855444
656.96482 0.9988749
656.96752 0.99907791
656.97022 0.99920434
656.97292 0.99926895
656.97563 0.99926004
656.97833 0.99913562
656.98103 0.9988587
656.98372 0.99849062
656.98642 0.99821464
656.98912 0.99815492
656.99182 0.9981651
656.99452 0.99787616
656.99722 0.99691307
656.99992 0.99513402
657.00261 0.9929384
657.00531 0.99136569
657.00801 0.99141768
657.0107 0.99306016
657.0134 0.99528801
657.0161 0.9971185
657.01879 0.99823798
657.02149 0.99881426
657.02418 0.99908599
657.02688 0.99920216
657.02957 0.99922399
657.03226 0.99916242
657.03496 0.9990026
657.03765 0.99873888
657.04034 0.99841243
657.04304 0.99810058
657.04573 0.99781265
657.04842 0.99736686
657.05111 0.99633898
657.05381 0.9941072
657.0565 0.99015895
657.05919 0.98493366
657.06188 0.98047086
657.06457 0.9793283
657.06726 0.9821244
657.06995 0.98676145
657.07264 0.99056541
657.07533 0.99245802
657.07802 0.99303887
657.08071 0.99336278
657.08339 0.9938756
657.08608 0.99424045
657.08877 0.99377681
657.09146 0.99203525
657.09414 0.98942964
657.09683 0.98749976
657.09952 0.98784195
657.1022 0.99044367
657.10489 0.9937591
657.10758 0.99634159
657.11026 0.99782446
657.11295 0.9985383
657.11563 0.99886212
657.11831 0.99900973
657.121 0.999069
657.12368 0.99906836
657.12637 0.99900702
657.12905 0.99886183
657.13173 0.99859305
657.13441 0.99815818
657.1371 0.99751238
657.13978 0.99655784
657.14246 0.99515994
657.14514 0.99344106
657.14782 0.99210189
657.1505 0.99202025
657.15318 0.99329777
657.15586 0.99510134
657.15854 0.99653059
657.16122 0.99728653
657.1639 0.99752658
657.16658 0.99746986
657.16926 0.99723752
657.17194 0.99685997
657.17462 0.99632065
657.17729 0.99558619
657.17997 0.99462525
657.18265 0.99338105
657.18533 0.99168078
657.188 0.9890952
657.19068 0.98471366
657.19335 0.97663577
657.19603 0.96124996
657.19871 0.93384014
657.20138 0.89288285
657.20406 0.84688397
657.20673 0.81436388
657.2094 0.81072211
657.21208 0.83565069
657.21475 0.87537863
657.21742 0.91512633
657.2201 0.94636263
657.22277 0.96704795
657.22544 0.9792617
657.22811 0.98612359
657.23079 0.99006146
657.23346 0.9924642
657.23613 0.99403056
657.2388 0.99509115
657.24147 0.9957928
657.24414 0.99618084
657.24681 0.99625533
657.24948 0.99607064
657.25215 0.99583469
657.25482 0.9958553
657.25749 0.99629523
657.26015 0.99701606
657.26282 0.99773739
657.26549 0.99828007
657.26816 0.9986292
657.27082 0.99884725
657.27349 0.99899143
657.27616 0.99909381
657.27882 0.99916917
657.28149 0.99922323
657.28416 0.99925561
657.28682 0.99925817
657.28949 0.99920766
657.29215 0.99905469
657.29481 0.99873318
657.29748 0.99822427
657.30014 0.99765525
657.30281 0.99728271
657.30547 0.99730086
657.30813 0.99767857
657.31079 0.99821435
657.31346 0.9987029
657.31612 0.9990359
657.31878 0.99920387
657.32144 0.99923942
657.3241 0.99916815
657.32676 0.99899691
657.32942 0.9987402
657.33208 0.99843846
657.33474 0.99811337
657.3374 0.99765837
657.34006 0.99676655
657.34272 0.99501653
657.34538 0.992199
657.34804 0.98881841
657.3507 0.98623739
657.35335 0.98580617
657.35601 0.98755562
657.35867 0.99002829
657.36133 0.99166972
657.36398 0.99208485
657.36664 0.99189146
657.36929 0.99183695
657.37195 0.99229466
657.37461 0.99332202
657.37726 0.99474931
657.37992 0.99619999
657.38257 0.99727397
657.38522 0.9977817
657.38788 0.99777903
657.39053 0.9975015
657.39318 0.99729111
657.39584 0.99740851
657.39849 0.99783846
657.40114 0.99834697
657.40379 0.99873034
657.40645 0.99893968
657.4091 0.99902229
657.41175 0.99903458
657.4144 0.99900891
657.41705 0.99895922
657.4197 0.99889053
657.42235 0.99880407
657.425 0.99869934
657.42765 0.99857451
657.4303 0.99842684
657.43295 0.99825245
657.43559 0.99804615
657.43824 0.99780041
657.44089 0.99750555
657.44354 0.99714907
657.44618 0.99671281
657.44883 0.99617099
657.45148 0.99548774
657.45412 0.99461112
657.45677 0.99345802
657.45941 0.991895
657.46206 0.98968714
657.46471 0.98639055
657.46735 0.98109539
657.46999 0.97176913
657.47264 0.95429865
657.47528 0.92216059
657.47793 0.87024935
657.48057 0.80433643
657.48321 0.74708397
657.48585 0.7259434
657.4885 0.75024996
657.49114 0.80394234
657.49378 0.86298474
657.49642 0.91182919
657.49906 0.9457677
657.5017 0.96657532
657.50434 0.9783876
657.50698 0.98500521
657.50962 0.98891855
657.51226 0.99142167
657.5149 0.99314259
657.51754 0.99438862
657.52018 0.99532494
657.52282 0.99604853
657.52546 0.99661894
657.52809 0.99707665
657.53073 0.99744958
657.53337 0.99775689
657.536 0.9980125
657.53864 0.99822724
657.54128 0.99840841
657.54391 0.99856098
657.54655 0.99868847
657.54918 0.99879167
657.55182 0.99886713
657.55445 0.99890364
657.55709 0.99888019
657.55972 0.99877777
657.56236 0.99861325
657.56499 0.99846904
657.56762 0.99845287
657.57025 0.99860104
657.57289 0.99884029
657.57552 0.99906081
657.57815 0.99920261
657.58078 0.99926151
657.58341 0.99924658
657.58605 0.99914253
657.58868 0.99889022
657.59131 0.99839875
657.59394 0.99763305
657.59657 0.99676757
657.5992 0.99618988
657.60183 0.99619198
657.60445 0.99663279
657.60708 0.99702385
657.60971 0.99693634
657.61234 0.99631523
657.61497 0.99552403
657.61759 0.99508606
657.62022 0.99523699
657.62285 0.99566955
657.62547 0.99576521
657.6281 0.99502709
657.63073 0.99333937
657.63335 0.99107139
657.63598 0.98903058
657.6386 0.98809453
657.64123 0.98855985
657.64385 0.98987982
657.64647 0.99124755
657.6491 0.99241687
657.65172 0.99368977
657.65434 0.99523058
657.65697 0.99676914
657.65959 0.99795499
657.66221 0.99869515
657.66483 0.99910055
657.66746 0.99930901
657.67008 0.99940172
657.6727 0.99940961
657.67532 0.99934215
657.67794 0.99921271
657.68056 0.99903615
657.68318 0.99880242
657.6858 0.99849468
657.68842 0.99816636
657.69104 0.99794531
657.69365 0.99790036
657.69627 0.99798081
657.69889 0.99813901
657.70151 0.99840741
657.70413 0.99879101
657.70674 0.99919353
657.70936 0.99950637
657.71198 0.99969792
657.71459 0.99979996
657.71721 0.99985366
657.71982 0.99988466
657.72244 0.99990479
657.72505 0.99991911
657.72767 0.99992992
657.73028 0.99993836
657.7329 0.99994514
657.73551 0.99995065
657.73812 0.99995521
657.74074 0.99995901
657.74335 0.9999622
657.74596 0.99996487
657.74857 0.99996708
657.75118 0.99996887
657.7538 0.99997028
657.75641 0.99997134
657.75902 0.99997206
657.76163 0.99997246
657.76424 0.99997251
657.76685 0.99997218
657.76946 0.99997139
657.77207 0.99997008
657.77468 0.99996814
657.77729 0.99996541
657.77989 0.9999616
657.7825 0.99995629
657.78511 0.99994877
657.78772 0.99993773
657.79033 0.99992057
657.79293 0.99989141
657.79554 0.99983631
657.79815 0.9997259
657.80075 0.99951539
657.80336 0.99917639
657.80596 0.99876965
657.80857 0.99847269
657.81117 0.99846431
657.81378 0.99874876
657.81638 0.99915238
657.81898 0.9994941
657.82159 0.99970827
657.82419 0.99981971
657.82679 0.99987407
657.8294 0.99990136
657.832 0.99991595
657.8346 0.99992398
657.8372 0.99992814
657.8398 0.99992969
657.84241 0.99992928
657.84501 0.99992724
657.84761 0.99992373
657.85021 0.99991879
657.85281 0.99991237
657.85541 0.99990431
657.85801 0.99989436
657.86061 0.99988213
657.8632 0.99986706
657.8658 0.9998483
657.8684 0.99982467
657.871 0.9997943
657.8736 0.99975421
657.87619 0.99969913
657.87879 0.9996186
657.88139 0.99949092
657.88398 0.99926989
657.88658 0.99886873
657.88917 0.99817775
657.89177 0.99716693
657.89436 0.99604756
657.89696 0.9952572
657.89955 0.99510375
657.90215 0.99536094
657.90474 0.99529487
657.90734 0.9940796
657.90993 0.99136316
657.91252 0.98782856
657.91511 0.98525386
657.91771 0.98533551
657.9203 0.98810887
657.92289 0.99195313
657.92548 0.99520727
657.92807 0.99726121
657.93066 0.99834457
657.93325 0.99886639
657.93584 0.99910277
657.93843 0.99920187
657.94102 0.99925565
657.94361 0.9993261
657.9462 0.9994312
657.94879 0.99954776
657.95138 0.99964449
657.95397 0.99970898
657.95655 0.99974638
657.95914 0.99976633
657.96173 0.99977535
657.96432 0.99977637
657.9669 0.99977002
657.96949 0.99975515
657.97207 0.99972835
657.97466 0.99968167
657.97725 0.99959717
657.97983 0.99943794
657.98241 0.99914337
657.985 0.99865499
657.98758 0.99799746
657.99017 0.99735422
657.99275 0.99701413
657.99533 0.99715656
657.99792 0.99769142
658.0005 0.99833949
658.00308 0.99886136
658.00566 0.99917921
658.00824 0.99932812
658.01083 0.99936502
658.01341 0.99931848
658.01599 0.99917652
658.01857 0.99888469
658.02115 0.99836625
658.02373 0.99760796
658.02631 0.99678488
658.02889 0.99625432
658.03147 0.99629798
658.03404 0.99684962
658.03662 0.99756399
658.0392 0.99812233
658.04178 0.99841534
658.04436 0.99848436
658.04693 0.99839923
658.04951 0.99819697
658.05209 0.99787747
658.05466 0.99740777
658.05724 0.99670957
658.05981 0.99561533
658.06239 0.9937521
658.06496 0.990278
658.06754 0.98351584
658.07011 0.97113413
658.07269 0.95208279
658.07526 0.93023874
658.07783 0.91511071
658.08041 0.91543421
658.08298 0.93072363
658.08555 0.95156798
658.08812 0.96843659
658.09069 0.97777318
658.09327 0.98133209
658.09584 0.98270468
658.09841 0.98466385
658.10098 0.98791848
658.10355 0.99156918
658.10612 0.99453063
658.10869 0.99644484
658.11126 0.99753988
658.11383 0.99816318
658.1164 0.99854699
658.11896 0.99880704
658.12153 0.99899687
658.1241 0.99914202
658.12667 0.9992562
658.12924 0.99934784
658.1318 0.99942262
658.13437 0.99948445
658.13694 0.99953584
658.1395 0.9995784
658.14207 0.99961308
658.14463 0.99963989
658.1472 0.99965712
658.14976 0.99965962
658.15233 0.99963803
658.15489 0.99958437
658.15745 0.99950679
658.16002 0.99944072
658.16258 0.99942976
658.16514 0.99948514
658.16771 0.99957357
658.17027 0.99965015
658.17283 0.9996923
658.17539 0.99969996
658.17795 0.99967764
658.18052 0.99961965
658.18308 0.99949893
658.18564 0.99925353
658.1882 0.99878679
658.19076 0.99802977
658.19332 0.99707505
658.19588 0.99624418
658.19844 0.99592522
658.20099 0.9962654
658.20355 0.99706337
658.20611 0.997947
658.20867 0.99863252
658.21123 0.99903488
658.21378 0.99920346
658.21634 0.99921203
658.2189 0.99909118
658.22145 0.99879913
658.22401 0.99817663
658.22656 0.9968812
658.22912 0.99443757
658.23167 0.99069163
658.23423 0.98654355
658.23678 0.98397045
658.23934 0.9845561
658.24189 0.98790697
658.24444 0.99208345
658.247 0.99539732
658.24955 0.99738148
658.2521 0.99838239
658.25466 0.99885175
658.25721 0.99906336
658.25976 0.99913011
658.26231 0.99906389
658.26486 0.99879141
658.26741 0.99815747
658.26996 0.99702328
658.27251 0.9955323
658.27506 0.99428835
658.27761 0.99402442
658.28016 0.99491028
658.28271 0.99637397
658.28526 0.99768374
658.28781 0.99850495
658.29035 0.99890021
658.2929 0.99904517
658.29545 0.99906276
658.298 0.9990082
658.30054 0.99889684
658.30309 0.99872272
658.30564 0.99846284
658.30818 0.99806683
658.31073 0.9974247
658.31327 0.99629712
658.31582 0.9942043
658.31836 0.99039926
658.32091 0.9842998
658.32345 0.97658038
658.32599 0.9698921
658.32854 0.9676199
658.33108 0.97094111
658.33362 0.9776101
658.33616 0.98401146
658.33871 0.98766308
658.34125 0.98758943
658.34379 0.98330577
658.34633 0.97474718
658.34887 0.96382224
658.35141 0.95529363
658.35395 0.9541953
658.35649 0.96131887
658.35903 0.97249529
658.36157 0.98260106
658.36411 0.98927945
658.36665 0.99295763
658.36919 0.99492779
658.37173 0.99609091
658.37426 0.99682823
658.3768 0.99732144
658.37934 0.99773099
658.38188 0.99815216
658.38441 0.99856777
658.38695 0.99891276
658.38948 0.99915633
658.39202 0.99931419
658.39456 0.99941578
658.39709 0.99948202
658.39963 0.999521
658.40216 0.99952972
658.40469 0.99949814
658.40723 0.99942073
658.40976 0.99931721
658.41229 0.9992405
658.41483 0.99924666
658.41736 0.99934471
658.41989 0.99948847
658.42242 0.99962067
658.42496 0.99971321
658.42749 0.99976848
658.43002 0.99979985
658.43255 0.99981817
658.43508 0.99982924
658.43761 0.9998356
658.44014 0.99983822
658.44267 0.99983721
658.4452 0.99983203
658.44773 0.99982125
658.45026 0.9998017
658.45278 0.99976602
658.45531 0.99969694
658.45784 0.99955875
658.46037 0.99929863
658.4629 0.99888553
658.46542 0.99838883
658.46795 0.99801093
658.47047 0.99796274
658.473 0.99826927
658.47553 0.99874307
658.47805 0.99916288
658.48058 0.99943101
658.4831 0.99956406
658.48562 0.99961384
658.48815 0.99961827
658.49067 0.9995949
658.4932 0.9995485
658.49572 0.99947637
658.49824 0.99936875
658.50076 0.99920402
658.50329 0.99893557
658.50581 0.9984634
658.50833 0.99758888
658.51085 0.99600826
658.51337 0.99349425
658.51589 0.99033163
658.51841 0.98759981
658.52093 0.98664697
658.52345 0.98791264
658.52597 0.9904503
658.52849 0.99279795
658.53101 0.99414272
658.53353 0.99465166
658.53605 0.99496744
658.53856 0.99555606
658.54108 0.99641874
658.5436 0.99726667
658.54612 0.9978512
658.54863 0.99809584
658.55115 0.99799989
658.55367 0.99748744
658.55618 0.99632128
658.5587 0.9941685
658.56121 0.99090748
658.56373 0.98689447
658.56624 0.98266401
658.56876 0.97835456
658.57127 0.97412701
658.57378 0.97131271
658.5763 0.97199928
658.57881 0.9767289
658.58132 0.98351104
658.58383 0.98967461
658.58635 0.99385763
658.58886 0.99619394
658.59137 0.99737492
658.59388 0.99794983
658.59639 0.99820086
658.5989 0.9982452
658.60141 0.99814432
658.60392 0.9979767
658.60643 0.99785086
658.60894 0.9978483
658.61145 0.99795947
658.61396 0.99809598
658.61647 0.99816475
658.61897 0.99812006
658.62148 0.997954
658.62399 0.99766286
658.6265 0.99722267
658.629 0.99656894
658.63151 0.9955532
658.63402 0.99382694
658.63652 0.99053546
658.63903 0.98379874
658.64153 0.97055819
658.64404 0.94840256
658.64654 0.92011666
658.64905 0.8964217
658.65155 0.88982556
658.65405 0.90311674
658.65656 0.92624965
658.65906 0.94551747
658.66156 0.95374212
658.66407 0.95238024
658.66657 0.94832243
658.66907 0.94867414
658.67157 0.9559819
658.67407 0.96743037
658.67657 0.97834824
658.67907 0.98590076
658.68158 0.98965122
658.68408 0.99023572
658.68658 0.98854546
658.68907 0.98593506
658.69157 0.98429914
658.69407 0.9850836
658.69657 0.98809761
658.69907 0.99180287
658.70157 0.99477621
658.70406 0.99655305
658.70656 0.99733652
658.70906 0.99742622
658.71156 0.99701936
658.71405 0.99632871
658.71655 0.99569873
658.71904 0.995491
658.72154 0.9958236
658.72403 0.99650503
658.72653 0.99725414
658.72902 0.99791507
658.73152 0.99845532
658.73401 0.99887212
658.73651 0.99916376
658.739 0.99934417
658.74149 0.99944046
658.74398 0.99947705
658.74648 0.99947211
658.74897 0.99944665
658.75146 0.99942803
658.75395 0.99943723
658.75644 0.99947261
658.75893 0.9995106
658.76142 0.99952291
658.76391 0.99949084
658.7664 0.99940913
658.76889 0.99928784
658.77138 0.9991498
658.77387 0.99900829
658.77636 0.99882544
658.77885 0.9984713
658.78134 0.99770704
658.78382 0.99624517
658.78631 0.99399118
658.7888 0.99143498
658.79129 0.98969751
658.79377 0.98976968
658.79626 0.99160971
658.79874 0.99419083
658.80123 0.99643399
658.80372 0.99789643
658.8062 0.99869137
658.80868 0.99909075
658.81117 0.99929246
658.81365 0.99939788
658.81614 0.99945197
658.81862 0.99947388
658.8211 0.9994718
658.82359 0.99944847
658.82607 0.99940333
658.82855 0.99933262
658.83103 0.99922843
658.83351 0.99907588
658.836 0.99884698
658.83848 0.99848684
658.84096 0.99788087
658.84344 0.99679717
658.84592 0.99483797
658.8484 0.99155365
658.85088 0.9869122
658.85336 0.98194639
658.85583 0.97869089
658.85831 0.97885643
658.86079 0.98232809
658.86327 0.98725696
658.86575 0.99164043
658.86822 0.99453601
658.8707 0.99597914
658.87318 0.99633379
658.87565 0.99596735
658.87813 0.99528915
658.88061 0.99480849
658.88308 0.9949401
658.88556 0.9957251
658.88803 0.99683034
658.8905 0.99785341
658.89298 0.99858785
658.89545 0.99903823
658.89793 0.99929675
658.9004 0.99944634
658.90287 0.99953627
658.90535 0.99959006
658.90782 0.99961588
658.91029 0.9996102
658.91276 0.99955302
658.91523 0.9993994
658.9177 0.99908764
658.92017 0.99859691
658.92264 0.99803974
658.92512 0.99767103
658.92758 0.99770751
658.93005 0.99811739
658.93252 0.99864792
658.93499 0.99904395
658.93746 0.99920325
658.93993 0.99916362
658.9424 0.99902688
658.94487 0.99889404
658.94733 0.99882079
658.9498 0.99881855
658.95227 0.99889342
658.95473 0.99905418
658.9572 0.99927826
658.95966 0.99950589
658.96213 0.99968351
658.9646 0.99979643
658.96706 0.99985994
658.96953 0.99989499
658.97199 0.99991567
658.97445 0.99992916
658.97692 0.99993873
658.97938 0.99994587
658.98184 0.99995137
658.98431 0.99995569
658.98677 0.99995908
658.98923 0.99996169
658.99169 0.99996362
658.99415 0.99996486
658.99662 0.99996537
658.99908 0.99996494
659.00154 0.99996312
659.004 0.99995882
659.00646 0.99994944
659.00892 0.99992955
659.01138 0.99989078
659.01383 0.99982701
659.01629 0.99974641
659.01875 0.99967897
659.02121 0.999661
659.02367 0.99970352
659.02613 0.99978126
659.02858 0.99985702
659.03104 0.99990994
659.0335 0.99993947
659.03595 0.99995386
659.03841 0.99996049
659.04086 0.99996342
659.04332 0.99996443
659.04577 0.9999643
659.04823 0.99996334
659.05068 0.99996169
659.05314 0.9999594
659.05559 0.99995647
659.05804 0.99995283
659.0605 0.9999484
659.06295 0.99994304
659.0654 0.99993656
659.06786 0.99992866
659.07031 0.99991898
659.07276 0.99990696
659.07521 0.9998917
659.07766 0.99987178
659.08011 0.99984461
659.08256 0.99980546
659.08501 0.99974555
659.08746 0.99965054
659.08991 0.99950195
659.09236 0.99928405
659.09481 0.99899217
659.09726 0.99863225
659.09971 0.99821011
659.10215 0.99771935
659.1046 0.99714808
659.10705 0.99652315
659.1095 0.99594677
659.11194 0.99552273
659.11439 0.99521213
659.11684 0.99486517
659.11928 0.99449986
659.12173 0.99444219
659.12417 0.9950164
659.12662 0.99614741
659.12906 0.99740928
659.13151 0.99841457
659.13395 0.99904811
659.13639 0.99939488
659.13884 0.99957654
659.14128 0.99967499
659.14372 0.99973162
659.14616 0.99976453
659.14861 0.99978071
659.15105 0.9997811
659.15349 0.99976038
659.15593 0.99970213
659.15837 0.99957131
659.16081 0.99931626
659.16325 0.9989066
659.16569 0.9984084
659.16813 0.9980163
659.17057 0.99794293
659.17301 0.99823325
659.17545 0.99872048
659.17789 0.99918113
659.18032 0.99949747
659.18276 0.99967223
659.1852 0.99975476
659.18764 0.99978662
659.19007 0.99978788
659.19251 0.99976128
659.19495 0.99969762
659.19738 0.99958302
659.19982 0.99941466
659.20225 0.99922084
659.20469 0.99905936
659.20712 0.99897873
659.20956 0.9989769
659.21199 0.99900439
659.21442 0.99899644
659.21686 0.99888687
659.21929 0.99861477
659.22172 0.99816776
659.22416 0.99764866
659.22659 0.99727496
659.22902 0.99724812
659.23145 0.99759726
659.23388 0.99816013
659.23631 0.99871996
659.23874 0.99914652
659.24118 0.99942105
659.24361 0.99958209
659.24603 0.99967435
659.24846 0.99972808
659.25089 0.99975962
659.25332 0.99977746
659.25575 0.99978596
659.25818 0.99978737
659.26061 0.99978272
659.26303 0.99977232
659.26546 0.99975585
659.26789 0.99973243
659.27031 0.99970046
659.27274 0.99965706
659.27517 0.99959723
659.27759 0.99951166
659.28002 0.99938228
659.28244 0.99917632
659.28487 0.99884028
659.28729 0.99829025
659.28972 0.99737498
659.29214 0.99580822
659.29456 0.99319288
659.29699 0.98940246
659.29941 0.98523979
659.30183 0.98247742
659.30425 0.98266757
659.30668 0.98572429
659.3091 0.98997003
659.31152 0.99364724
659.31394 0.99604163
659.31636 0.99734435
659.31878 0.99799868
659.3212 0.99830339
659.32362 0.99836902
659.32604 0.99818382
659.32846 0.99764587
659.33088 0.99657747
659.3333 0.99482489
659.33572 0.99251538
659.33813 0.99028465
659.34055 0.98909525
659.34297 0.98957814
659.34538 0.99148315
659.3478 0.99391175
659.35022 0.99602196
659.35263 0.9974739
659.35505 0.99834523
659.35747 0.99884011
659.35988 0.99912564
659.3623 0.99929981
659.36471 0.99941215
659.36712 0.99948769
659.36954 0.99953951
659.37195 0.99957478
659.37436 0.99959783
659.37678 0.99961133
659.37919 0.99961688
659.3816 0.99961548
659.38401 0.99960754
659.38643 0.99959303
659.38884 0.9995716
659.39125 0.99954255
659.39366 0.99950473
659.39607 0.99945652
659.39848 0.99939555
659.40089 0.99931849
659.4033 0.99922048
659.40571 0.99909423
659.40812 0.99892848
659.41053 0.99870514
659.41293 0.99839271
659.41534 0.9979328
659.41775 0.99721777
659.42016 0.99605522
659.42256 0.99410925
659.42497 0.99081479
659.42738 0.98537005
659.42978 0.97710014
659.43219 0.96651456
659.4346 0.95649253
659.437 0.95149351
659.43941 0.95432911
659.44181 0.96359868
659.44421 0.97490409
659.44662 0.98436741
659.44902 0.99059462
659.45143 0.99411471
659.45383 0.99596729
659.45623 0.99695211
659.45863 0.99753405
659.46104 0.99795194
659.46344 0.99830484
659.46584 0.99860565
659.46824 0.99883084
659.47064 0.99896095
659.47304 0.99900317
659.47544 0.99899856
659.47784 0.99900906
659.48024 0.99907915
659.48264 0.99920164
659.48504 0.99932833
659.48744 0.99941669
659.48984 0.99946309
659.49223 0.9994959
659.49463 0.99954381
659.49703 0.99961204
659.49943 0.99968507
659.50182 0.99974599
659.50422 0.99978889
659.50662 0.99981685
659.50901 0.9998353
659.51141 0.99984821
659.5138 0.99985765
659.5162 0.99986448
659.51859 0.99986899
659.52099 0.99987111
659.52338 0.99987041
659.52578 0.99986593
659.52817 0.99985562
659.53056 0.99983485
659.53295 0.99979253
659.53535 0.9997042
659.53774 0.99952713
659.54013 0.99921533
659.54252 0.99877414
659.54491 0.99832372
659.5473 0.99807233
659.5497 0.99816465
659.55209 0.99854584
659.55448 0.999015
659.55687 0.99939693
659.55925 0.99963571
659.56164 0.9997617
659.56403 0.99982301
659.56642 0.99985272
659.56881 0.99986733
659.5712 0.99987385
659.57358 0.99987519
659.57597 0.99987256
659.57836 0.99986632
659.58075 0.99985636
659.58313 0.99984211
659.58552 0.99982242
659.5879 0.99979528
659.59029 0.99975691
659.59267 0.9996998
659.59506 0.99960777
659.59744 0.99944636
659.59983 0.9991518
659.60221 0.99863988
659.60459 0.99786563
659.60698 0.9969261
659.60936 0.99608797
659.61174 0.9956103
659.61412 0.99549824
659.61651 0.99547845
659.61889 0.99527542
659.62127 0.99491657
659.62365 0.99473533
659.62603 0.99505916
659.62841 0.99589886
659.63079 0.99695451
659.63317 0.99788317
659.63555 0.99851387
659.63793 0.99885152
659.64031 0.99896852
659.64269 0.99891244
659.64507 0.99865352
659.64744 0.99805606
659.64982 0.99691417
659.6522 0.99514446
659.65458 0.99308467
659.65695 0.99153813
659.65933 0.99129394
659.6617 0.99247404
659.66408 0.9944378
659.66646 0.99634437
659.66883 0.99771838
659.67121 0.99852771
659.67358 0.99893878
659.67595 0.99911489
659.67833 0.99914765
659.6807 0.99906623
659.68307 0.99885958
659.68545 0.99848832
659.68782 0.99787903
659.69019 0.99690047
659.69256 0.99538943
659.69494 0.9933342
659.69731 0.99113592
659.69968 0.98957316
659.70205 0.98929294
659.70442 0.99027704
659.70679 0.99192139
659.70916 0.99362716
659.71153 0.99516261
659.7139 0.99651519
659.71627 0.99764649
659.71864 0.99848221
659.721 0.99901588
659.72337 0.999321
659.72574 0.99948723
659.72811 0.99957664
659.73047 0.99961775
659.73284 0.9996129
659.73521 0.99954366
659.73757 0.99938107
659.73994 0.99911636
659.7423 0.99880731
659.74467 0.99858493
659.74703 0.99857283
659.7494 0.99877992
659.75176 0.99909178
659.75413 0.99937348
659.75649 0.99956317
659.75885 0.99967513
659.76122 0.99974735
659.76358 0.99980336
659.76594 0.99984857
659.7683 0.9998819
659.77067 0.99990377
659.77303 0.99991681
659.77539 0.99992359
659.77775 0.99992502
659.78011 0.99992028
659.78247 0.99990797
659.78483 0.99988891
659.78719 0.99986894
659.78955 0.99985766
659.79191 0.99986183
659.79427 0.99987943
659.79662 0.99990161
659.79898 0.99992007
659.80134 0.99993155
659.8037 0.99993698
659.80605 0.99993855
659.80841 0.9999379
659.81077 0.9999359
659.81312 0.99993291
659.81548 0.99992906
659.81784 0.99992438
659.82019 0.99991881
659.82255 0.99991225
659.8249 0.99990453
659.82725 0.99989544
659.82961 0.99988463
659.83196 0.99987166
659.83432 0.99985587
659.83667 0.9998363
659.83902 0.99981137
659.84137 0.99977831
659.84373 0.99973201
659.84608 0.9996626
659.84843 0.99955009
659.85078 0.99935704
659.85313 0.99902755
659.85548 0.99851277
659.85783 0.99783678
659.86018 0.99715991
659.86253 0.99673878
659.86488 0.9967551
659.86723 0.99716617
659.86958 0.99775029
659.87193 0.99829173
659.87427 0.99870012
659.87662 0.99898291
659.87897 0.99916939
659.88132 0.99927956
659.88366 0.99932867
659.88601 0.99933151
659.88836 0.99929942
659.8907 0.99923719
659.89305 0.99914285
659.89539 0.99901146
659.89774 0.9988419
659.90008 0.99864171
659.90243 0.99842095
659.90477 0.99817496
659.90711 0.99786892
659.90946 0.9974366
659.9118 0.99677871
659.91414 0.99572437
659.91649 0.99393545
659.91883 0.99075216
659.92117 0.98504905
659.92351 0.97544029
659.92585 0.96134241
659.92819 0.94474536
659.93053 0.93097417
659.93287 0.92626663
659.93521 0.93313537
659.93755 0.94815026
659.93989 0.96478171
659.94223 0.97808875
659.94457 0.98668408
659.94691 0.99153638
659.94925 0.99410194
659.95159 0.99539234
659.95392 0.99586929
659.95626 0.99557855
659.9586 0.9943111
659.96093 0.99190461
659.96327 0.98872611
659.96561 0.98597035
659.96794 0.98510395
659.97028 0.98670557
659.97261 0.98995485
659.97495 0.99338047
659.97728 0.99597184
659.97961 0.99754988
659.98195 0.99839935
659.98428 0.99884576
659.98661 0.99909725
659.98895 0.99925461
659.99128 0.99936141
659.99361 0.99943705
659.99594 0.99949037
659.99828 0.99952451
660.00061 0.99953891
660.00294 0.99953119
660.00527 0.9995006
660.0076 0.99945271
660.00993 0.99940029
660.01226 0.99935677
660.01459 0.99932822
660.01692 0.99931379
660.01924 0.99931132
660.02157 0.99931516
660.0239 0.99930563
660.02623 0.9992425
660.02856 0.99906381
660.03088 0.99868126
660.03321 0.99798766
660.03554 0.99692942
660.03786 0.99564247
660.04019 0.9945219
660.04252 0.9940625
660.04484 0.99449628
660.04717 0.99559764
660.04949 0.99687271
660.05181 0.99791643
660.05414 0.99857559
660.05646 0.99886741
660.05879 0.99883912
660.06111 0.99851574
660.06343 0.99796531
660.06575 0.99738723
660.06808 0.9970799
660.0704 0.99724036
660.07272 0.99779578
660.07504 0.9984777
660.07736 0.99904319
660.07968 0.99940527
660.082 0.9995979
660.08432 0.99968489
660.08664 0.99970797
660.08896 0.99967915
660.09128 0.99959226
660.0936 0.99944427
660.09592 0.99926212
660.09824 0.99911308
660.10055 0.99907172
660.10287 0.9991633
660.10519 0.99934242
660.10751 0.99953147
660.10982 0.99967691
660.11214 0.99976739
660.11445 0.99981629
660.11677 0.99984065
660.11909 0.99985197
660.1214 0.99985626
660.12372 0.99985631
660.12603 0.99985339
660.12834 0.99984802
660.13066 0.99984036
660.13297 0.99983032
660.13528 0.99981753
660.1376 0.99980123
660.13991 0.99978002
660.14222 0.99975109
660.14453 0.99970923
660.14684 0.99964625
660.14916 0.99955378
660.15147 0.99943183
660.15378 0.99929844
660.15609 0.99918825
660.1584 0.99913161
660.16071 0.99912787
660.16302 0.99914
660.16533 0.99911516
660.16764 0.99901068
660.16994 0.99881016
660.17225 0.998531
660.17456 0.99822153
660.17687 0.99792974
660.17917 0.99764666
660.18148 0.99725929
660.18379 0.99652994
660.18609 0.995093
660.1884 0.99251315
660.19071 0.98856834
660.19301 0.9837362
660.19532 0.97941986
660.19762 0.97731398
660.19993 0.97807141
660.20223 0.98054383
660.20453 0.98244625
660.20684 0.98177824
660.20914 0.97798632
660.21144 0.9724532
660.21374 0.9680346
660.21605 0.96747492
660.21835 0.97146467
660.22065 0.97823911
660.22295 0.98515348
660.22525 0.99045343
660.22755 0.99377256
660.22985 0.9955419
660.23215 0.99632136
660.23445 0.99654494
660.23675 0.99654621
660.23905 0.99659697
660.24135 0.99685886
660.24365 0.99732765
660.24595 0.9978725
660.24825 0.99834873
660.25054 0.99868104
660.25284 0.99886247
660.25514 0.99890713
660.25743 0.99881015
660.25973 0.99852849
660.26203 0.99799518
660.26432 0.99718316
660.26662 0.99620565
660.26891 0.99536437
660.27121 0.99502298
660.2735 0.99535267
660.2758 0.99618949
660.27809 0.99715758
660.28038 0.99792464
660.28268 0.99834476
660.28497 0.99845111
660.28726 0.99839436
660.28955 0.99836299
660.29184 0.99848664
660.29414 0.99876601
660.29643 0.99909927
660.29872 0.99938165
660.30101 0.99957131
660.3033 0.99968118
660.30559 0.99974148
660.30788 0.99977572
660.31017 0.99979658
660.31246 0.99980985
660.31475 0.99981805
660.31704 0.99982229
660.31932 0.99982304
660.32161 0.99982039
660.3239 0.9998141
660.32619 0.9998037
660.32847 0.99978832
660.33076 0.99976655
660.33305 0.99973617
660.33533 0.9996936
660.33762 0.99963252
660.3399 0.99954124
660.34219 0.9993963
660.34447 0.99914944
660.34676 0.99870695
660.34904 0.99791923
660.35132 0.99662678
660.35361 0.99482167
660.35589 0.99286058
660.35817 0.99144742
660.36046 0.99124288
660.36274 0.99235134
660.36502 0.9942298
660.3673 0.99613336
660.36958 0.99758946
660.37186 0.99851592
660.37415 0.99904568
660.37643 0.99933922
660.37871 0.9995071
660.38099 0.9996081
660.38326 0.99966954
660.38554 0.9997021
660.38782 0.99970669
660.3901 0.99967889
660.39238 0.99961462
660.39466 0.99951738
660.39693 0.99940254
660.39921 0.99929547
660.40149 0.99922544
660.40377 0.99921479
660.40604 0.99926738
660.40832 0.99936668
660.41059 0.99948638
660.41287 0.99960337
660.41514 0.99970313
660.41742 0.99977904
660.41969 0.99983098
660.42197 0.99986334
660.42424 0.99988208
660.42651 0.99989225
660.42879 0.99989716
660.43106 0.9998986
660.43333 0.99989749
660.4356 0.99989421
660.43788 0.99988885
660.44015 0.99988131
660.44242 0.99987131
660.44469 0.99985836
660.44696 0.99984167
660.44923 0.99982007
660.4515 0.9997917
660.45377 0.99975351
660.45604 0.99970025
660.45831 0.99962215
660.46058 0.99950054
660.46285 0.99930023
660.46512 0.99896311
660.46738 0.99841643
660.46965 0.99761762
660.47192 0.99663852
660.47418 0.99570422
660.47645 0.99509364
660.47872 0.99494906
660.48098 0.9951792
660.48325 0.99559266
660.48551 0.99608968
660.48778 0.9966774
660.49004 0.99733766
660.49231 0.9979579
660.49457 0.99839329
660.49684 0.99853745
660.4991 0.99831383
660.50136 0.99764579
660.50363 0.99651597
660.50589 0.99512625
660.50815 0.99396108
660.51041 0.9935677
660.51267 0.99415849
660.51494 0.99543133
660.5172 0.99681986
660.51946 0.99790117
660.52172 0.9985542
660.52398 0.99885159
660.52624 0.9989096
660.5285 0.99882405
660.53076 0.99867523
660.53301 0.99853268
660.53527 0.99843052
660.53753 0.99833623
660.53979 0.99813888
660.54205 0.99764319
660.5443 0.99653017
660.54656 0.99431727
660.54882 0.99052333
660.55107 0.98519804
660.55333 0.97953472
660.55558 0.97574773
660.55784 0.97571238
660.56009 0.979451
660.56235 0.98511767
660.5646 0.99049734
660.56686 0.99437715
660.56911 0.99670177
660.57136 0.99795913
660.57362 0.99862908
660.57587 0.99900657
660.57812 0.99923971
660.58038 0.99939626
660.58263 0.99950766
660.58488 0.99959036
660.58713 0.99965375
660.58938 0.99970348
660.59163 0.99974321
660.59388 0.99977543
660.59613 0.99980185
660.59838 0.99982369
660.60063 0.99984185
660.60288 0.99985687
660.60513 0.99986902
660.60738 0.99987815
660.60963 0.9998838
660.61187 0.99988554
660.61412 0.99988396
660.61637 0.99988152
660.61861 0.99988192
660.62086 0.99988781
660.62311 0.99989873
660.62535 0.99991152
660.6276 0.99992287
660.62984 0.99993117
660.63209 0.99993647
660.63433 0.99993956
660.63658 0.99994114
660.63882 0.99994162
660.64107 0.99994116
660.64331 0.99993978
660.64555 0.9999374
660.64779 0.99993386
660.65004 0.99992891
660.65228 0.99992219
660.65452 0.99991315
660.65676 0.99990092
660.659 0.99988415
660.66124 0.99986047
660.66349 0.99982553
660.66573 0.99977096
660.66797 0.99967974
660.67021 0.99951954
660.67244 0.99923865
660.67468 0.99877996
660.67692 0.99813368
660.67916 0.99740895
660.6814 0.99684336
660.68364 0.99668403
660.68587 0.99700678
660.68811 0.99765709
660.69035 0.99837031
660.69258 0.9989479
660.69482 0.99933044
660.69706 0.99954992
660.69929 0.9996615
660.70153 0.99970466
660.70376 0.9996968
660.706 0.99964315
660.70823 0.99955182
660.71047 0.99944749
660.7127 0.99937165
660.71493 0.99936227
660.71717 0.99942794
660.7194 0.9995415
660.72163 0.99966117
660.72386 0.99975684
660.72609 0.99981907
660.72833 0.99985193
660.73056 0.99986217
660.73279 0.99985272
660.73502 0.99982036
660.73725 0.99975701
660.73948 0.99965551
660.74171 0.99952131
660.74394 0.99938273
660.74617 0.9992852
660.7484 0.99926407
660.75062 0.9993167
660.75285 0.99940422
660.75508 0.99948153
660.75731 0.99952504
660.75953 0.99953377
660.76176 0.99951423
660.76399 0.99947639
660.76621 0.99944225
660.76844 0.99944364
660.77066 0.99950056
660.77289 0.99960255
660.77511 0.9997167
660.77734 0.99981279
660.77956 0.99987895
660.78179 0.99991893
660.78401 0.99994177
660.78623 0.99995504
660.78846 0.99996325
660.79068 0.99996863
660.7929 0.99997226
660.79512 0.99997467
660.79735 0.99997602
660.79957 0.99997628
660.80179 0.99997502
660.80401 0.99997121
660.80623 0.99996269
660.80845 0.99994619
660.81067 0.99991878
660.81289 0.99988167
660.81511 0.99984388
660.81733 0.99982042
660.81955 0.99982281
660.82177 0.99985
660.82398 0.99988923
660.8262 0.99992614
660.82842 0.99995287
660.83064 0.99996903
660.83285 0.99997784
660.83507 0.99998252
660.83728 0.99998507
660.8395 0.9999865
660.84172 0.9999873
660.84393 0.99998766
660.84615 0.99998771
660.84836 0.99998748
660.85057 0.999987
660.85279 0.99998622
660.855 0.9999851
660.85722 0.99998354
660.85943 0.99998134
660.86164 0.99997815
660.86385 0.99997322
660.86607 0.99996497
660.86828 0.99995037
660.87049 0.99992453
660.8727 0.99988218
660.87491 0.9998228
660.87712 0.99975703
660.87933 0.99970696
660.88154 0.99969454
660.88375 0.99972534
660.88596 0.99978389
660.88817 0.999846
660.89038 0.99989461
660.89259 0.99992528
660.89479 0.99994173
660.897 0.99994938
660.89921 0.99995212
660.90142 0.99995212
660.90362 0.99995037
660.90583 0.99994726
660.90803 0.99994294
660.91024 0.99993734
660.91245 0.99993031
660.91465 0.99992153
660.91686 0.99991048
660.91906 0.99989635
660.92126 0.99987777
660.92347 0.99985232
660.92567 0.99981558
660.92788 0.99975953
660.93008 0.99967153
660.93228 0.9995363
660.93448 0.99934478
660.93669 0.99910865
660.93889 0.99886363
660.94109 0.99863956
660.94329 0.99840457
660.94549 0.998022
660.94769 0.99727465
660.94989 0.99599927
660.95209 0.99430298
660.95429 0.99269114
660.95649 0.99187344
660.95869 0.99228152
660.96089 0.99372782
660.96308 0.9955675
660.96528 0.99718575
660.96748 0.99830657
660.96968 0.99896502
660.97187 0.99931876
660.97407 0.99950558
660.97627 0.99960621
660.97846 0.99965914
660.98066 0.9996784
660.98285 0.99966246
660.98505 0.99959787
660.98724 0.99946637
660.98944 0.99926312
660.99163 0.99901759
660.99383 0.99878602
660.99602 0.99859377
660.99821 0.99836569
661.00041 0.9979317
661.0026 0.99715417
661.00479 0.99610392
661.00698 0.99512505
661.00917 0.99465869
661.01137 0.99492119
661.01356 0.9957416
661.01575 0.99673242
661.01794 0.99758371
661.02013 0.9981926
661.02232 0.99860624
661.02451 0.99890862
661.0267 0.99915566
661.02888 0.99936667
661.03107 0.9995402
661.03326 0.99967097
661.03545 0.99976045
661.03764 0.99981726
661.03982 0.99985214
661.04201 0.99987368
661.0442 0.99988721
661.04638 0.99989558
661.04857 0.9999002
661.05076 0.99990167
661.05294 0.99990006
661.05513 0.999895
661.05731 0.9998855
661.05949 0.99986947
661.06168 0.99984267
661.06386 0.99979664
661.06605 0.99971518
661.06823 0.99957219
661.07041 0.99933676
661.07259 0.99899375
661.07478 0.99857898
661.07696 0.99819888
661.07914 0.99799276
661.08132 0.99805009
661.0835 0.99834696
661.08568 0.99876263
661.08786 0.99916035
661.09004 0.99945935
661.09222 0.99964828
661.0944 0.9997544
661.09658 0.99981011
661.09876 0.99983764
661.10094 0.99984813
661.10312 0.99984529
661.10529 0.99982913
661.10747 0.99979982
661.10965 0.99976163
661.11183 0.99972422
661.114 0.99969766
661.11618 0.99968381
661.11835 0.99967127
661.12053 0.99963682
661.12271 0.99954816
661.12488 0.99936307
661.12705 0.99903204
661.12923 0.99852695
661.1314 0.99789878
661.13358 0.99731309
661.13575 0.99699488
661.13792 0.99708665
661.1401 0.99754095
661.14227 0.99815521
661.14444 0.99871904
661.14661 0.9991242
661.14878 0.99936576
661.15095 0.99948784
661.15313 0.99953528
661.1553 0.99953604
661.15747 0.99950208
661.15964 0.99943352
661.16181 0.99931985
661.16398 0.99913627
661.16614 0.99883312
661.16831 0.99832037
661.17048 0.99746631
661.17265 0.99614331
661.17482 0.99435481
661.17698 0.99238662
661.17915 0.99081471
661.18132 0.99024626
661.18348 0.9909054
661.18565 0.99246404
661.18782 0.99426143
661.18998 0.99571767
661.19215 0.99658657
661.19431 0.9969383
661.19648 0.99702138
661.19864 0.99710924
661.20081 0.99736916
661.20297 0.99780393
661.20513 0.99830147
661.2073 0.99873854
661.20946 0.99905067
661.21162 0.99923875
661.21378 0.99933225
661.21594 0.99935747
661.21811 0.99932424
661.22027 0.99922357
661.22243 0.99902976
661.22459 0.99871183
661.22675 0.99825978
661.22891 0.99770694
661.23107 0.99710401
661.23323 0.99641871
661.23539 0.99543497
661.23754 0.99381718
661.2397 0.9913966
661.24186 0.9884347
661.24402 0.98542687
661.24618 0.98245883
661.24833 0.9789921
661.25049 0.974747
661.25265 0.9708556
661.2548 0.96956736
661.25696 0.97234513
661.25911 0.97842045
661.26127 0.98542885
661.26342 0.99123701
661.26558 0.99504765
661.26773 0.99716941
661.26988 0.99825599
661.27204 0.99881636
661.27419 0.99912942
661.27634 0.99932485
661.2785 0.9994584
661.28065 0.99955508
661.2828 0.99962794
661.28495 0.99968449
661.2871 0.99972944
661.28926 0.99976581
661.29141 0.99979564
661.29356 0.99982045
661.29571 0.99984138
661.29786 0.99985924
661.30001 0.9998746
661.30215 0.9998879
661.3043 0.99989951
661.30645 0.99990968
661.3086 0.9999186
661.31075 0.99992647
661.3129 0.99993343
661.31504 0.99993961
661.31719 0.99994514
661.31934 0.99995009
661.32148 0.99995452
661.32363 0.99995849
661.32577 0.99996205
661.32792 0.99996523
661.33007 0.99996805
661.33221 0.99997055
661.33435 0.99997275
661.3365 0.99997468
661.33864 0.99997634
661.34079 0.99997774
661.34293 0.99997888
661.34507 0.99997976
661.34721 0.99998036
661.34936 0.99998066
661.3515 0.99998061
661.35364 0.99998014
661.35578 0.99997913
661.35792 0.99997742
661.36006 0.99997474
661.3622 0.99997058
661.36434 0.99996392
661.36648 0.9999525
661.36862 0.99993124
661.37076 0.99988981
661.3729 0.99981143
661.37504 0.9996784
661.37718 0.99949007
661.37931 0.99928368
661.38145 0.99913187
661.38359 0.99910365
661.38573 0.99921158
661.38786 0.99939995
661.39 0.9995884
661.39213 0.99972211
661.39427 0.99978863
661.3964 0.99980554
661.39854 0.99980109
661.40067 0.99980036
661.40281 0.99981676
661.40494 0.99984921
661.40708 0.99988718
661.40921 0.99991996
661.41134 0.99994265
661.41348 0.99995569
661.41561 0.99996172
661.41774 0.99996308
661.41987 0.9999608
661.422 0.99995438
661.42413 0.99994139
661.42627 0.99991684
661.4284 0.99987354
661.43053 0.99980539
661.43266 0.99971497
661.43479 0.99962044
661.43692 0.9995505
661.43904 0.99952455
661.44117 0.99953301
661.4433 0.99953806
661.44543 0.99950114
661.44756 0.99941727
661.44968 0.99932652
661.45181 0.99928947
661.45394 0.99934157
661.45606 0.99946617
661.45819 0.9996113
661.46032 0.99972671
661.46244 0.99978975
661.46457 0.99980504
661.46669 0.99979205
661.46882 0.99977496
661.47094 0.99977308
661.47306 0.99979267
661.47519 0.9998258
661.47731 0.99985738
661.47943 0.99987585
661.48156 0.99987903
661.48368 0.99987341
661.4858 0.99986928
661.48792 0.9998742
661.49004 0.99988903
661.49217 0.99990879
661.49429 0.99992706
661.49641 0.99994008
661.49853 0.99994742
661.50065 0.9999504
661.50277 0.99995055
661.50489 0.99994891
661.507 0.99994601
661.50912 0.99994203
661.51124 0.99993699
661.51336 0.99993079
661.51548 0.99992325
661.51759 0.99991407
661.51971 0.99990279
661.52183 0.99988879
661.52394 0.99987117
661.52606 0.99984842
661.52818 0.9998182
661.53029 0.99977637
661.53241 0.9997152
661.53452 0.99962029
661.53664 0.99946603
661.53875 0.99921429
661.54086 0.99882335
661.54298 0.99827377
661.54509 0.99760089
661.5472 0.99688704
661.54932 0.99620458
661.55143 0.99556528
661.55354 0.99495475
661.55565 0.99444591
661.55776 0.99423183
661.55987 0.99449336
661.56198 0.9952283
661.56409 0.99623146
661.5662 0.99723803
661.56831 0.99806371
661.57042 0.99864259
661.57253 0.99898655
661.57464 0.99912963
661.57675 0.99909657
661.57886 0.99890594
661.58097 0.99859919
661.58307 0.99826822
661.58518 0.99804463
661.58729 0.99803743
661.58939 0.99825907
661.5915 0.99862126
661.59361 0.99899662
661.59571 0.99929324
661.59782 0.99948234
661.59992 0.9995741
661.60203 0.99958635
661.60413 0.99952627
661.60624 0.99939134
661.60834 0.99918488
661.61044 0.9989373
661.61255 0.99871561
661.61465 0.99860169
661.61675 0.99864568
661.61885 0.99883245
661.62095 0.9990932
661.62306 0.99935011
661.62516 0.99955391
661.62726 0.99969403
661.62936 0.99978286
661.63146 0.99983757
661.63356 0.99987189
661.63566 0.9998944
661.63776 0.99990987
661.63986 0.99992091
661.64196 0.99992897
661.64405 0.99993492
661.64615 0.99993926
661.64825 0.99994231
661.65035 0.99994423
661.65244 0.99994513
661.65454 0.99994501
661.65664 0.99994378
661.65873 0.99994129
661.66083 0.99993721
661.66292 0.99993096
661.66502 0.99992151
661.66711 0.99990695
661.66921 0.99988374
661.6713 0.99984554
661.6734 0.99978245
661.67549 0.99968302
661.67758 0.99954075
661.67968 0.99936681
661.68177 0.9991989
661.68386 0.9990906
661.68595 0.99908369
661.68805 0.99918032
661.69014 0.99934088
661.69223 0.99951121
661.69432 0.99965179
661.69641 0.99974894
661.6985 0.99980719
661.70059 0.99983699
661.70268 0.99984657
661.70477 0.99983905
661.70686 0.99981249
661.70895 0.99976204
661.71103 0.99968486
661.71312 0.99958707
661.71521 0.99948904
661.7173 0.99941969
661.71938 0.99939829
661.72147 0.99941974
661.72356 0.99945319
661.72564 0.9994555
661.72773 0.99938327
661.72981 0.99919504
661.7319 0.99885628
661.73398 0.99836195
661.73607 0.99777447
661.73815 0.99724307
661.74024 0.99695148
661.74232 0.99701457
661.7444 0.99739816
661.74649 0.99794057
661.74857 0.99845349
661.75065 0.99881262
661.75273 0.99898261
661.75481 0.9989926
661.7569 0.99890842
661.75898 0.99881505
661.76106 0.99878861
661.76314 0.9988661
661.76522 0.99903089
661.7673 0.99922889
661.76938 0.99940451
661.77146 0.99952519
661.77353 0.9995852
661.77561 0.9995929
661.77769 0.99955528
661.77977 0.99946991
661.78185 0.99932837
661.78392 0.99913347
661.786 0.99892062
661.78808 0.99875984
661.79015 0.99872048
661.79223 0.9988256
661.7943 0.99903398
661.79638 0.99927023
661.79846 0.99946921
661.80053 0.99960065
661.8026 0.99966388
661.80468 0.99966558
661.80675 0.99960614
661.80883 0.99947798
661.8109 0.99927671
661.81297 0.99902114
661.81504 0.99876715
661.81712 0.99859533
661.81919 0.99856859
661.82126 0.99868648
661.82333 0.99888515
661.8254 0.99908159
661.82747 0.99922482
661.82954 0.9993167
661.83161 0.99939073
661.83368 0.99947698
661.83575 0.99958019
661.83782 0.99968469
661.83989 0.99977209
661.84196 0.99983409
661.84402 0.99987297
661.84609 0.99989553
661.84816 0.99990801
661.85023 0.9999144
661.85229 0.99991681
661.85436 0.99991616
661.85643 0.99991267
661.85849 0.99990609
661.86056 0.99989563
661.86262 0.9998797
661.86469 0.99985505
661.86675 0.99981458
661.86882 0.99974282
661.87088 0.99960789
661.87294 0.99935383
661.87501 0.99891148
661.87707 0.9982457
661.87913 0.99743139
661.88119 0.99668918
661.88326 0.99630326
661.88532 0.99643523
661.88738 0.99698561
661.88944 0.99766471
661.8915 0.99817667
661.89356 0.99838046
661.89562 0.99832313
661.89768 0.99817742
661.89974 0.9981339
661.9018 0.99829336
661.90386 0.99862653
661.90592 0.99901809
661.90798 0.99935827
661.91003 0.99959736
661.91209 0.99974264
661.91415 0.99982379
661.91621 0.99958944
