$MIPAS Atmosphere
    1    1    0    0    1    0    0    0    0    1    0    0    0    0    0    0
 11326.285 12003.044     4.000     0.000     0.040    36.000    -1.000    -1.000    0          0.000    0
   294.200     1.000     0.000     0.000     0.000     0.000     0.000    s
    0    3    0    0    0   12    1 0  0     0.000   120.000 11664.665              30.600
     2.100     0.000    31.300   140.440     0.546    0          2.000
     0.000     0.000     0.000     0.000   120.000
  121  MIPAS night atmosphere
0.0000E+000.9425E+030.3054E+03     AA L AAAAAAAAAAAA
 0.61910440E+04 0.36850000E+03 0.22157275E-01 0.32000000E+00 0.19814457E+00 0.18459507E+01 0.21200600E+06 0.39965398E-19
 0.10000000E-03 0.32074577E-02 0.10000000E-03 0.17638640E-03
0.1000E+010.8624E+030.2977E+03     AA L AAAAAAAAAAAA
 0.50723898E+04 0.36850000E+03 0.33905225E-01 0.32000000E+00 0.16136262E+00 0.18172315E+01 0.21200600E+06 0.64230104E-19
 0.10000000E-03 0.31031759E-03 0.10000000E-03 0.70535058E-03
0.2000E+010.7829E+030.2902E+03     AA L AAAAAAAAAAAA
 0.39537356E+04 0.36850000E+03 0.38650359E-01 0.32000000E+00 0.14151700E+00 0.18013864E+01 0.21200600E+06 0.10371972E-18
 0.10000000E-03 0.10517723E-03 0.10000000E-03 0.57518152E-03
0.3000E+010.7041E+030.2828E+03     AA L AAAAAAAAAAAA
 0.28350814E+04 0.36850000E+03 0.42146773E-01 0.32000000E+00 0.12634704E+00 0.17875220E+01 0.21200600E+06 0.16652249E-18
 0.10000000E-03 0.53404961E-04 0.10000000E-03 0.42336636E-03
0.4000E+010.6261E+030.2756E+03     AA L AAAAAAAAAAAA
 0.17164273E+04 0.36850000E+03 0.44963883E-01 0.32000000E+00 0.11574885E+00 0.17786092E+01 0.21200600E+06 0.26833910E-18
 0.10000000E-03 0.36698794E-04 0.10000000E-03 0.31952362E-03
0.5000E+010.5543E+030.2650E+03     AA L AAAAAAAAAAAA
 0.46730476E+03 0.36850000E+03 0.47731045E-01 0.32000000E+00 0.10764435E+00 0.17706866E+01 0.21200600E+06 0.43581315E-18
 0.10000000E-03 0.31410965E-04 0.10000000E-03 0.25946059E-03
0.6000E+010.4907E+030.2571E+03     AA L AAAAAAAAAAAA
 0.18528485E+03 0.36850000E+03 0.50618084E-01 0.32000000E+00 0.10117114E+00 0.17647447E+01 0.21200600E+06 0.70700692E-18
 0.10000000E-03 0.31042292E-04 0.10000000E-03 0.22913656E-03
0.7000E+010.4318E+030.2482E+03     AA L AAAAAAAAAAAA
 0.67280476E+02 0.36850000E+03 0.53964652E-01 0.32000000E+00 0.95092771E-01 0.17588028E+01 0.21200600E+06 0.11513841E-17
 0.10000000E-03 0.33328067E-04 0.10000000E-03 0.22104365E-03
0.8000E+010.3809E+030.2423E+03     AA L AAAAAAAAAAAA
 0.55399426E+02 0.36850000E+03 0.58659836E-01 0.32000000E+00 0.88931275E-01 0.17518706E+01 0.21200600E+06 0.18840830E-17
 0.10000000E-03 0.39132038E-04 0.10000000E-03 0.23293925E-03
0.9000E+010.3298E+030.2333E+03     AA L AAAAAAAAAAAA
 0.47759836E+02 0.36850000E+03 0.65143186E-01 0.32000000E+00 0.82769779E-01 0.17439481E+01 0.21200600E+06 0.30830450E-17
 0.10000000E-03 0.48296203E-04 0.10000000E-03 0.25848554E-03
0.1000E+020.2867E+030.2266E+03     AA L AAAAAAAAAAAA
 0.51542425E+02 0.36850000E+03 0.77011014E-01 0.31535647E+00 0.75610806E-01 0.17320643E+01 0.21200600E+06 0.50717993E-17
 0.10000000E-03 0.64949702E-04 0.10000000E-03 0.31737851E-03
0.1100E+020.2489E+030.2200E+03     AA L AAAAAAAAAAAA
 0.45118225E+02 0.36850000E+03 0.94513064E-01 0.31061199E+00 0.68732373E-01 0.17172095E+01 0.21200600E+06 0.83737024E-17
 0.10000000E-03 0.84678991E-04 0.10000000E-03 0.39967266E-03
0.1200E+020.2147E+030.2118E+03     AA L AAAAAAAAAAAA
 0.36393467E+02 0.36850000E+03 0.12676998E+00 0.30586751E+00 0.61137005E-01 0.16993838E+01 0.21200600E+06 0.14273356E-16
 0.98670000E-04 0.10514563E-03 0.10000000E-03 0.52847666E-03
0.1300E+020.1849E+030.2046E+03     AA L AAAAAAAAAAAA
 0.24661240E+02 0.36850000E+03 0.18511014E+00 0.30122397E+00 0.54237791E-01 0.16756162E+01 0.21200600E+06 0.24264706E-16
 0.95370000E-04 0.13503976E-03 0.10000000E-03 0.68038932E-03
0.1400E+020.1570E+030.2028E+03     AA L AAAAAAAAAAAA
 0.97169130E+01 0.36840000E+03 0.27202100E+00 0.29658044E+00 0.48824403E-01 0.16379842E+01 0.21200600E+06 0.41392734E-16
 0.90000000E-04 0.18233528E-03 0.94440000E-04 0.85872582E-03
0.1500E+020.1343E+030.1980E+03     AA L AAAAAAAAAAAA
 0.67714544E+01 0.36800000E+03 0.39599385E+00 0.29193691E+00 0.44512394E-01 0.15944102E+01 0.21200600E+06 0.70510381E-16
 0.84040000E-04 0.24753779E-03 0.84880000E-04 0.10842547E-02
0.1600E+020.1119E+030.1968E+03     AA L AAAAAAAAAAAA
 0.54983961E+01 0.36730000E+03 0.57670850E+00 0.28739432E+00 0.39234080E-01 0.15518266E+01 0.21200600E+06 0.11989619E-15
 0.77990000E-04 0.33623005E-03 0.72410000E-04 0.13699441E-02
0.1700E+020.9368E+020.1955E+03     AA L AAAAAAAAAAAA
 0.23377640E+01 0.36630000E+03 0.81915984E+00 0.28052997E+00 0.34018109E-01 0.14874560E+01 0.21200600E+06 0.20458478E-15
 0.72050000E-04 0.45525886E-03 0.57850000E-04 0.19891003E-02
0.1800E+020.7870E+020.1932E+03     AA L AAAAAAAAAAAA
 0.21517350E+01 0.36520000E+03 0.11538166E+01 0.27305994E+00 0.29560635E-01 0.14191241E+01 0.21200600E+06 0.34826990E-15
 0.66160000E-04 0.61684310E-03 0.41780000E-04 0.30333780E-02
0.1900E+020.6630E+020.2024E+03     AA L AAAAAAAAAAAA
 0.20884852E+01 0.36420000E+03 0.15883709E+01 0.26558991E+00 0.25757756E-01 0.13577245E+01 0.21200600E+06 0.59282007E-15
 0.60360000E-04 0.83572971E-03 0.30180000E-04 0.43877213E-02
0.2000E+020.5581E+020.2093E+03     AA L AAAAAAAAAAAA
 0.22478500E+01 0.36300000E+03 0.20738730E+01 0.25811987E+00 0.23336797E-01 0.13101893E+01 0.21200600E+06 0.10086505E-14
 0.54750000E-04 0.10807395E-02 0.21800000E-04 0.56182334E-02
0.2100E+020.4750E+020.2101E+03     AA L AAAAAAAAAAAA
 0.23303228E+01 0.36300000E+03 0.27032275E+01 0.25075079E+00 0.21341844E-01 0.12646347E+01 0.21200600E+06 0.17223183E-14
 0.50070000E-04 0.13609312E-02 0.15740000E-04 0.71861125E-02
0.2200E+020.4000E+020.2121E+03     AA L AAAAAAAAAAAA
 0.24078349E+01 0.36300000E+03 0.32456711E+01 0.23671924E+00 0.20687250E-01 0.12200704E+01 0.21200600E+06 0.29498270E-14
 0.46380000E-04 0.17780587E-02 0.11370000E-04 0.76560862E-02
0.2300E+020.3440E+020.2161E+03     AA L AAAAAAAAAAAA
 0.25814619E+01 0.36300000E+03 0.38440574E+01 0.22218297E+00 0.20271634E-01 0.11764965E+01 0.21200600E+06 0.50337370E-14
 0.43460000E-04 0.24764312E-02 0.82110000E-05 0.79066739E-02
0.2400E+020.2928E+020.2191E+03     AA L AAAAAAAAAAAA
 0.27705914E+01 0.36300000E+03 0.44544314E+01 0.20290221E+00 0.20157340E-01 0.11358935E+01 0.21200600E+06 0.85925606E-14
 0.40550000E-04 0.34486754E-02 0.59730000E-05 0.78657218E-02
0.2500E+020.2551E+020.2164E+03     AA L AAAAAAAAAAAA
 0.27941551E+01 0.36300000E+03 0.49808914E+01 0.17705994E+00 0.20874276E-01 0.10972711E+01 0.21200600E+06 0.14653979E-13
 0.37630000E-04 0.46210565E-02 0.43270000E-05 0.73655216E-02
0.2600E+020.2326E+020.2195E+03     AA L AAAAAAAAAAAA
 0.16103907E+02 0.36300000E+03 0.55672900E+01 0.15464984E+00 0.21819801E-01 0.10596391E+01 0.21200600E+06 0.24930796E-13
 0.34710000E-04 0.56881024E-02 0.31180000E-05 0.68994481E-02
0.2700E+020.1975E+020.2216E+03     AA L AAAAAAAAAAAA
 0.96487024E+01 0.36300000E+03 0.59518955E+01 0.13415773E+00 0.22869230E-01 0.10170555E+01 0.21200600E+06 0.42439446E-13
 0.31860000E-04 0.66034655E-02 0.22340000E-05 0.61116083E-02
0.2800E+020.1665E+020.2235E+03     AA L AAAAAAAAAAAA
 0.57724788E+01 0.36300000E+03 0.63215164E+01 0.11649211E+00 0.24126466E-01 0.97585827E+00 0.21200600E+06 0.72128028E-13
 0.29050000E-04 0.74219203E-02 0.15730000E-05 0.53861717E-02
0.2900E+020.1414E+020.2253E+03     AA L AAAAAAAAAAAA
 0.41794508E+01 0.36300000E+03 0.66541752E+01 0.10124921E+00 0.25456435E-01 0.93248239E+00 0.21200600E+06 0.12275087E-12
 0.26310000E-04 0.82509085E-02 0.10400000E-05 0.46305086E-02
0.3000E+020.1208E+020.2271E+03     AA L AAAAAAAAAAAA
 0.36126825E+01 0.36300000E+03 0.68929303E+01 0.88176656E-01 0.27035773E-01 0.88465009E+00 0.21200600E+06 0.20839100E-12
 0.23580000E-04 0.91757518E-02 0.67620000E-06 0.38114673E-02
0.3100E+020.1038E+020.2295E+03     AA L AAAAAAAAAAAA
 0.34433962E+01 0.36300000E+03 0.71386783E+01 0.76890852E-01 0.28365741E-01 0.83959067E+00 0.21200600E+06 0.35397924E-12
 0.24150000E-04 0.98793912E-02 0.42020000E-06 0.31425835E-02
0.3200E+020.8945E+010.2319E+03     AA L AAAAAAAAAAAA
 0.34080507E+01 0.36300000E+03 0.72685451E+01 0.65736278E-01 0.29789224E-01 0.79106514E+00 0.21200600E+06 0.60138408E-12
 0.29490000E-04 0.10607258E-01 0.24060000E-06 0.24541988E-02
0.3300E+020.7731E+010.2345E+03     AA L AAAAAAAAAAAA
 0.34216928E+01 0.36300000E+03 0.73664447E+01 0.55994953E-01 0.31150364E-01 0.74422315E+00 0.21200600E+06 0.10276817E-11
 0.39520000E-04 0.11428872E-01 0.13350000E-06 0.18935455E-02
0.3400E+020.6695E+010.2368E+03     AA L AAAAAAAAAAAA
 0.34564182E+01 0.36300000E+03 0.74393699E+01 0.47535647E-01 0.32573846E-01 0.70015405E+00 0.21200600E+06 0.17413495E-11
 0.51550000E-04 0.12513825E-01 0.69380000E-07 0.14557484E-02
0.3500E+020.5808E+010.2394E+03     AA L AAAAAAAAAAAA
 0.34954843E+01 0.36300000E+03 0.73754355E+01 0.39520505E-01 0.33820692E-01 0.65757042E+00 0.21200600E+06 0.29593426E-11
 0.67600000E-04 0.13303839E-01 0.31050000E-07 0.10940052E-02
0.3600E+020.5047E+010.2419E+03     AA L AAAAAAAAAAAA
 0.35382709E+01 0.36300000E+03 0.73134990E+01 0.32898423E-01 0.34828559E-01 0.61785871E+00 0.21200600E+06 0.50242215E-11
 0.87410000E-04 0.14051720E-01 0.16090000E-07 0.82381906E-03
0.3700E+020.4393E+010.2446E+03     AA L AAAAAAAAAAAA
 0.35767169E+01 0.36300000E+03 0.71536629E+01 0.27639117E-01 0.35597447E-01 0.58072183E+00 0.21200600E+06 0.85259516E-11
 0.10990000E-03 0.14420393E-01 0.10330000E-07 0.62022879E-03
0.3800E+020.3829E+010.2474E+03     AA L AAAAAAAAAAAA
 0.36083418E+01 0.36300000E+03 0.68719518E+01 0.23490221E-01 0.36200089E-01 0.54586268E+00 0.21200600E+06 0.14368512E-10
 0.12780000E-03 0.14746932E-01 0.64320000E-08 0.46675605E-03
0.3900E+020.3343E+010.2503E+03     AA L AAAAAAAAAAAA
 0.36412070E+01 0.36300000E+03 0.66042264E+01 0.19987382E-01 0.36678047E-01 0.51338028E+00 0.21200600E+06 0.24359862E-10
 0.14140000E-03 0.14746932E-01 0.40310000E-08 0.35209026E-03
0.4000E+020.2924E+010.2533E+03     AA L AAAAAAAAAAAA
 0.36672510E+01 0.36300000E+03 0.62096311E+01 0.17271924E-01 0.37332641E-01 0.48228433E+00 0.21200600E+06 0.41012111E-10
 0.15120000E-03 0.14746932E-01 0.25550000E-08 0.27340379E-03
0.4100E+020.2561E+010.2558E+03     AA L AAAAAAAAAAAA
 0.36889544E+01 0.36300000E+03 0.57590932E+01 0.15071293E-01 0.38143090E-01 0.45267386E+00 0.21200600E+06 0.69083045E-10
 0.16070000E-03 0.14430926E-01 0.16560000E-08 0.21597340E-03
0.4200E+020.2246E+010.2583E+03     AA L AAAAAAAAAAAA
 0.37106578E+01 0.36300000E+03 0.53495133E+01 0.13183596E-01 0.39057444E-01 0.42544014E+00 0.21200600E+06 0.11608997E-09
 0.16990000E-03 0.14093854E-01 0.11150000E-08 0.17141365E-03
0.4300E+020.1973E+010.2604E+03     AA L AAAAAAAAAAAA
 0.37298808E+01 0.36300000E+03 0.48999744E+01 0.11760252E-01 0.40990055E-01 0.40008803E+00 0.21100597E+06 0.19506920E-09
 0.17740000E-03 0.13430242E-01 0.79040000E-09 0.14050459E-03
0.4400E+020.1734E+010.2620E+03     AA L AAAAAAAAAAAA
 0.37478636E+01 0.36300000E+03 0.44664191E+01 0.10589274E-01 0.43556479E-01 0.37651849E+00 0.21100597E+06 0.32638408E-09
 0.18320000E-03 0.13029968E-01 0.56300000E-09 0.11671339E-03
0.4500E+020.1525E+010.2634E+03     AA L AAAAAAAAAAAA
 0.37658464E+01 0.36300000E+03 0.40708248E+01 0.95283281E-02 0.46652813E-01 0.35433539E+00 0.21100597E+06 0.54524221E-09
 0.18710000E-03 0.12387423E-01 0.40480000E-09 0.97046646E-04
0.4600E+020.1342E+010.2642E+03     AA L AAAAAAAAAAAA
 0.37850694E+01 0.36300000E+03 0.37241803E+01 0.84542587E-02 0.52263619E-01 0.33502421E+00 0.21200600E+06 0.90968858E-09
 0.19070000E-03 0.11650076E-01 0.28760000E-09 0.82927933E-04
0.4700E+020.1182E+010.2648E+03     AA L AAAAAAAAAAAA
 0.38049124E+01 0.36300000E+03 0.34095031E+01 0.74609464E-02 0.59256346E-01 0.31719850E+00 0.21200600E+06 0.15129758E-08
 0.19430000E-03 0.10954864E-01 0.20040000E-09 0.71510107E-04
0.4800E+020.1041E+010.2647E+03     AA L AAAAAAAAAAAA
 0.38241354E+01 0.36300000E+03 0.31217982E+01 0.65867508E-02 0.67932314E-01 0.30026408E+00 0.21200600E+06 0.25025952E-08
 0.19740000E-03 0.10416601E-01 0.13560000E-09 0.61671861E-04
0.4900E+020.9165E+000.2644E+03     AA L AAAAAAAAAAAA
 0.38377776E+01 0.36300000E+03 0.28530738E+01 0.58135016E-02 0.81855425E-01 0.28610255E+00 0.21200600E+06 0.41392734E-08
 0.19930000E-03 0.10028967E-01 0.92370000E-10 0.54846517E-04
0.5000E+020.8068E+000.2632E+03     AA L AAAAAAAAAAAA
 0.38495594E+01 0.36300000E+03 0.26043289E+01 0.51311041E-02 0.10020484E+00 0.27332746E+00 0.21200600E+06 0.68036332E-08
 0.20000000E-03 0.95012377E-02 0.62350000E-10 0.49317988E-04
0.5100E+020.7099E+000.2620E+03     AA L AAAAAAAAAAAA
 0.38607211E+01 0.36300000E+03 0.23765625E+01 0.45274448E-02 0.12426896E+00 0.26094850E+00 0.21200600E+06 0.11133218E-07
 0.20000000E-03 0.89640280E-02 0.42230000E-10 0.44345237E-04
0.5200E+020.6241E+000.2600E+03     AA L AAAAAAAAAAAA
 0.38520398E+01 0.36300000E+03 0.21677766E+01 0.39904101E-02 0.15564791E+00 0.24946083E+00 0.21200600E+06 0.18269896E-07
 0.20000000E-03 0.84647390E-02 0.30090000E-10 0.40191528E-04
0.5300E+020.5482E+000.2581E+03     AA L AAAAAAAAAAAA
 0.38352972E+01 0.36300000E+03 0.19759734E+01 0.36350789E-02 0.19783286E+00 0.23856734E+00 0.21200600E+06 0.30069204E-07
 0.20000000E-03 0.79191025E-02 0.23280000E-10 0.36544844E-04
0.5400E+020.4810E+000.2556E+03     AA L AAAAAAAAAAAA
 0.38185546E+01 0.36300000E+03 0.17981557E+01 0.33009464E-02 0.25165504E+00 0.22797095E+00 0.21200600E+06 0.49290657E-07
 0.20000000E-03 0.73323853E-02 0.20020000E-10 0.33171173E-04
0.5500E+020.4215E+000.2533E+03     AA L AAAAAAAAAAAA
 0.37912703E+01 0.36300000E+03 0.16443135E+01 0.30031546E-02 0.31742615E+00 0.21975132E+00 0.21200600E+06 0.77361592E-07
 0.20000000E-03 0.67130142E-02 0.19140000E-10 0.30109519E-04
0.5600E+020.3689E+000.2504E+03     AA L AAAAAAAAAAAA
 0.37615057E+01 0.36300000E+03 0.15044570E+01 0.27830915E-02 0.39525011E+00 0.21232394E+00 0.21200600E+06 0.12084775E-06
 0.20000000E-03 0.61589509E-02 0.19140000E-10 0.27301377E-04
0.5700E+020.3224E+000.2478E+03     AA L AAAAAAAAAAAA
 0.37317411E+01 0.36300000E+03 0.13745902E+01 0.25801893E-02 0.49323141E+00 0.20509463E+00 0.21100597E+06 0.18935986E-06
 0.20000000E-03 0.56565018E-02 0.19140000E-10 0.24727247E-04
0.5800E+020.2814E+000.2453E+03     AA L AAAAAAAAAAAA
 0.36443074E+01 0.36300000E+03 0.12317367E+01 0.23924290E-02 0.61292860E+00 0.19796435E+00 0.21100597E+06 0.29688581E-06
 0.20000000E-03 0.51456260E-02 0.19140000E-10 0.22357878E-04
0.5900E+020.2452E+000.2428E+03     AA L AAAAAAAAAAAA
 0.35519131E+01 0.36300000E+03 0.11008709E+01 0.22157729E-02 0.75558854E+00 0.19113116E+00 0.21200600E+06 0.46245675E-06
 0.20000000E-03 0.46400169E-02 0.19140000E-10 0.20203019E-04
0.6000E+020.2135E+000.2404E+03     AA L AAAAAAAAAAAA
 0.34613790E+01 0.36300000E+03 0.98289191E+00 0.20512303E-02 0.92578299E+00 0.18439701E+00 0.21200600E+06 0.72032872E-06
 0.20000000E-03 0.41481013E-02 0.19140000E-10 0.18243170E-04
0.6100E+020.1855E+000.2379E+03     AA L AAAAAAAAAAAA
 0.33714650E+01 0.36300000E+03 0.87620133E+00 0.19300946E-02 0.11128099E+01 0.17776188E+00 0.21100597E+06 0.11228374E-05
 0.20000000E-03 0.37351872E-02 0.19140000E-10 0.16449080E-04
0.6200E+020.1611E+000.2358E+03     AA L AAAAAAAAAAAA
 0.32840313E+01 0.36300000E+03 0.78059939E+00 0.18069401E-02 0.13465934E+01 0.17142386E+00 0.21100597E+06 0.17413495E-05
 0.20000000E-03 0.33549271E-02 0.19140000E-10 0.14820748E-04
0.6300E+020.1396E+000.2335E+03     AA L AAAAAAAAAAAA
 0.31972178E+01 0.36300000E+03 0.69398822E+00 0.16948896E-02 0.16063530E+01 0.16518486E+00 0.21200600E+06 0.26833910E-05
 0.20000000E-03 0.30347080E-02 0.19140000E-10 0.13338673E-04
0.6400E+020.1209E+000.2315E+03     AA L AAAAAAAAAAAA
 0.31128847E+01 0.36300000E+03 0.60957480E+00 0.15868770E-02 0.18941665E+01 0.15914393E+00 0.21200600E+06 0.41297578E-05
 0.20000000E-03 0.27187023E-02 0.19140000E-10 0.11993105E-04
0.6500E+020.1046E+000.2295E+03     AA L AAAAAAAAAAAA
 0.30297918E+01 0.36300000E+03 0.52226434E+00 0.14960252E-02 0.22183464E+01 0.15330106E+00 0.21200600E+06 0.63468858E-05
 0.20000000E-03 0.24163902E-02 0.19140000E-10 0.10774294E-04
0.6600E+020.9032E-010.2276E+03     AA L AAAAAAAAAAAA
 0.29479390E+01 0.36300000E+03 0.45043801E+00 0.14152681E-02 0.25352531E+01 0.14755722E+00 0.21200600E+06 0.10562284E-04
 0.20000000E-03 0.21119713E-02 0.19140000E-10 0.96744380E-05
0.6700E+020.7793E-010.2256E+03     AA L AAAAAAAAAAAA
 0.28679466E+01 0.36300000E+03 0.39179816E+00 0.13385489E-02 0.28199495E+01 0.14201144E+00 0.21200600E+06 0.17603806E-04
 0.20000000E-03 0.18296729E-02 0.19140000E-10 0.86759877E-05
0.6800E+020.6715E-010.2238E+03     AA L AAAAAAAAAAAA
 0.27891943E+01 0.36300000E+03 0.34974129E+00 0.12658675E-02 0.30828262E+01 0.13666373E+00 0.21200600E+06 0.29307958E-04
 0.20000000E-03 0.15431611E-02 0.19140000E-10 0.77730921E-05
0.6900E+020.5780E-010.2221E+03     AA L AAAAAAAAAAAA
 0.27123023E+01 0.36250000E+03 0.31797387E+00 0.11982334E-02 0.33134927E+01 0.13151408E+00 0.21200600E+06 0.48910035E-04
 0.20000000E-03 0.12650761E-02 0.19140000E-10 0.69608762E-05
0.7000E+020.4969E-010.2203E+03     AA L AAAAAAAAAAAA
 0.26304496E+01 0.36170000E+03 0.29060195E+00 0.11376656E-02 0.35233784E+01 0.12646347E+00 0.21200600E+06 0.81929066E-04
 0.20000000E-03 0.10260705E-02 0.19140000E-10 0.62256891E-05
0.7100E+020.4267E-010.2187E+03     AA L AAAAAAAAAAAA
 0.25399155E+01 0.36040000E+03 0.26832480E+00 0.10811356E-02 0.37197566E+01 0.12151188E+00 0.21200600E+06 0.13702422E-03
 0.20000000E-03 0.84836994E-03 0.19140000E-10 0.55655808E-05
0.7200E+020.3661E-010.2172E+03     AA L AAAAAAAAAAAA
 0.24524819E+01 0.35860000E+03 0.24734631E+00 0.10296530E-02 0.39202909E+01 0.11685739E+00 0.21200600E+06 0.23122837E-03
 0.20000000E-03 0.70163796E-03 0.19140000E-10 0.49717758E-05
0.7300E+020.3137E-010.2156E+03     AA L AAAAAAAAAAAA
 0.23669085E+01 0.35640000E+03 0.22816598E+00 0.97645426E-03 0.41790114E+01 0.11230194E+00 0.21200600E+06 0.38918685E-03
 0.20000000E-03 0.55395797E-03 0.19140000E-10 0.44354988E-05
0.7400E+020.2686E-010.2141E+03     AA L AAAAAAAAAAAA
 0.22838156E+01 0.35410000E+03 0.21068391E+00 0.92800000E-03 0.45156598E+01 0.10784551E+00 0.21200600E+06 0.65657439E-03
 0.20000000E-03 0.42060357E-03 0.19140000E-10 0.39547995E-05
0.7500E+020.2297E-010.2125E+03     AA L AAAAAAAAAAAA
 0.21647571E+01 0.35190000E+03 0.20009477E+00 0.88348265E-03 0.49343922E+01 0.10358715E+00 0.21200600E+06 0.11133218E-02
 0.20000000E-03 0.32264181E-03 0.19140000E-10 0.35228527E-05
0.7600E+020.1962E-010.2109E+03     AA L AAAAAAAAAAAA
 0.19867894E+01 0.34950000E+03 0.20109375E+00 0.84582965E-03 0.54019593E+01 0.99427817E-01 0.21200600E+06 0.18745675E-02
 0.20000000E-03 0.26112603E-03 0.19140000E-10 0.31357582E-05
0.7700E+020.1674E-010.2092E+03     AA L AAAAAAAAAAAA
 0.18230839E+01 0.34710000E+03 0.20199283E+00 0.80928707E-03 0.58892682E+01 0.95417033E-01 0.21200600E+06 0.31877163E-02
 0.20000000E-03 0.22057197E-03 0.19140000E-10 0.27905908E-05
0.7800E+020.1426E-010.2075E+03     AA L AAAAAAAAAAAA
 0.16717803E+01 0.34470000E+03 0.20299180E+00 0.77324921E-03 0.63973579E+01 0.91554798E-01 0.21200600E+06 0.54143599E-02
 0.20000000E-03 0.17906989E-03 0.19140000E-10 0.24805251E-05
0.7900E+020.1214E-010.2058E+03     AA L AAAAAAAAAAAA
 0.15316385E+01 0.34210000E+03 0.20399078E+00 0.73882650E-03 0.69490871E+01 0.87811400E-01 0.21200600E+06 0.92205882E-02
 0.20000000E-03 0.14009586E-03 0.19140000E-10 0.22026361E-05
0.8000E+020.1032E-010.2041E+03     AA L AAAAAAAAAAAA
 0.13964574E+01 0.33940000E+03 0.20948514E+00 0.70702839E-03 0.75371827E+01 0.84196743E-01 0.21200600E+06 0.15700692E-01
 0.20000000E-03 0.11176068E-03 0.19140000E-10 0.19539986E-05
0.8100E+020.8758E-020.2022E+03     AA L AAAAAAAAAAAA
 0.12519749E+01 0.33640000E+03 0.23585809E+00 0.67846057E-03 0.81741131E+01 0.80710827E-01 0.21200600E+06 0.23503460E-01
 0.20000000E-03 0.93211144E-04 0.19140000E-10 0.17316874E-05
0.8200E+020.7422E-020.2003E+03     AA L AAAAAAAAAAAA
 0.11211346E+01 0.33320000E+03 0.26532787E+00 0.65201262E-03 0.88723467E+01 0.77333847E-01 0.21300603E+06 0.35873702E-01
 0.20000000E-03 0.83025228E-04 0.19140000E-10 0.15327773E-05
0.8300E+020.6281E-020.1984E+03     AA L AAAAAAAAAAAA
 0.10033162E+01 0.32950000E+03 0.29859375E+00 0.62576656E-03 0.96214932E+01 0.74075704E-01 0.21300603E+06 0.51669550E-01
 0.20000000E-03 0.72828778E-04 0.19140000E-10 0.13562934E-05
0.8400E+020.5305E-020.1959E+03     AA L AAAAAAAAAAAA
 0.89603952E+00 0.32520000E+03 0.33665471E+00 0.59982334E-03 0.10483895E+02 0.70896787E-01 0.21300603E+06 0.67179931E-01
 0.20000000E-03 0.62558593E-04 0.19140000E-10 0.11963854E-05
0.8500E+020.4472E-020.1935E+03     AA L AAAAAAAAAAAA
 0.79682407E+00 0.32000000E+03 0.38220799E+00 0.57569716E-03 0.11626837E+02 0.67826805E-01 0.21300603E+06 0.87448097E-01
 0.20000000E-03 0.54289777E-04 0.19140000E-10 0.10550032E-05
0.8600E+020.3761E-020.1909E+03     AA L AAAAAAAAAAAA
 0.68520669E+00 0.31410000E+03 0.44844006E+00 0.55399369E-03 0.12759388E+02 0.64865757E-01 0.21300603E+06 0.13036332E+00
 0.20000000E-03 0.48211934E-04 0.19140000E-10 0.92902687E-06
0.8700E+020.3156E-020.1883E+03     AA L AAAAAAAAAAAA
 0.58840962E+00 0.30740000E+03 0.52546107E+00 0.53329968E-03 0.14182871E+02 0.62013644E-01 0.21300603E+06 0.20458478E+00
 0.20000000E-03 0.44082793E-04 0.19140000E-10 0.81699371E-06
0.8800E+020.2642E-020.1858E+03     AA L AAAAAAAAAAAA
 0.50358041E+00 0.29960000E+03 0.61826588E+00 0.51300946E-03 0.15647915E+02 0.59220951E-01 0.21300603E+06 0.31306228E+00
 0.20000000E-03 0.39848317E-04 0.19140000E-10 0.71656365E-06
0.8900E+020.2207E-020.1836E+03     AA L AAAAAAAAAAAA
 0.43022299E+00 0.29100000E+03 0.73045082E+00 0.49231546E-03 0.17050616E+02 0.56527289E-01 0.21200600E+06 0.42249135E+00
 0.20000000E-03 0.35561173E-04 0.19140000E-10 0.62754166E-06
0.9000E+020.1840E-020.1814E+03     AA L AAAAAAAAAAAA
 0.36734520E+00 0.28170000E+03 0.84872951E+00 0.47404416E-03 0.18536441E+02 0.53952465E-01 0.21100597E+06 0.57283737E+00
 0.20000000E-03 0.32064044E-04 0.19140000E-10 0.54934271E-06
0.9100E+020.1531E-020.1797E+03     AA L AAAAAAAAAAAA
 0.31252866E+00 0.27140000E+03 0.84353484E+00 0.45627760E-03 0.20282025E+02 0.51437060E-01 0.21000594E+06 0.75458478E+00
 0.20000000E-03 0.29230526E-04 0.19140000E-10 0.47943169E-06
0.9200E+020.1272E-020.1786E+03     AA L AAAAAAAAAAAA
 0.26589740E+00 0.26020000E+03 0.83834016E+00 0.43962145E-03 0.22152293E+02 0.49030590E-01 0.20900592E+06 0.98010381E+00
 0.20000000E-03 0.27018486E-04 0.19140000E-10 0.41839361E-06
0.9300E+020.1056E-020.1781E+03     AA L AAAAAAAAAAAA
 0.22621122E+00 0.24810000E+03 0.83304559E+00 0.42377287E-03 0.24136856E+02 0.46742958E-01 0.20700586E+06 0.12655709E+01
 0.20000000E-03 0.24816980E-04 0.19140000E-10 0.36515592E-06
0.9400E+020.8767E-030.1782E+03     AA L AAAAAAAAAAAA
 0.19241596E+00 0.23530000E+03 0.82775102E+00 0.40772240E-03 0.26298056E+02 0.44564261E-01 0.20600583E+06 0.17318339E+01
 0.20000000E-03 0.22583873E-04 0.19140000E-10 0.31854857E-06
0.9500E+020.7280E-030.1787E+03     AA L AAAAAAAAAAAA
 0.16382951E+00 0.22230000E+03 0.82255635E+00 0.39247950E-03 0.28615111E+02 0.42494498E-01 0.20300575E+06 0.23598616E+01
 0.20000000E-03 0.20371833E-04 0.19140000E-10 0.27827904E-06
0.9600E+020.6049E-030.1794E+03     AA L AAAAAAAAAAAA
 0.13964574E+00 0.20910000E+03 0.81726178E+00 0.37895268E-03 0.31659492E+02 0.40533671E-01 0.20100569E+06 0.31211073E+01
 0.20000000E-03 0.18138726E-04 0.19140000E-10 0.24317727E-06
0.9700E+020.5032E-030.1807E+03     AA L AAAAAAAAAAAA
 0.11912055E+00 0.19550000E+03 0.81206711E+00 0.36582965E-03 0.35940330E+02 0.38671875E-01 0.19800560E+06 0.39394464E+01
 0.20000000E-03 0.15916153E-04 0.19140000E-10 0.21265823E-06
0.9800E+020.4192E-030.1823E+03     AA L AAAAAAAAAAAA
 0.10188186E+00 0.18210000E+03 0.80687244E+00 0.35321136E-03 0.40751076E+02 0.36928917E-01 0.19500552E+06 0.49671280E+01
 0.20000000E-03 0.14083320E-04 0.19140000E-10 0.18652691E-06
0.9900E+020.3499E-030.1842E+03     AA L AAAAAAAAAAAA
 0.87309595E-01 0.16900000E+03 0.80177766E+00 0.34129968E-03 0.46122903E+02 0.35284991E-01 0.19400549E+06 0.66038062E+01
 0.20000000E-03 0.12998367E-04 0.19140000E-10 0.16380826E-06
0.1000E+030.2927E-030.1866E+03     AA L AAAAAAAAAAAA
 0.75093692E-01 0.15630000E+03 0.69109119E+00 0.32979180E-03 0.50133591E+02 0.33750000E-01 0.19100541E+06 0.88685121E+01
 0.20000000E-03 0.12640228E-04 0.19140000E-10 0.14420977E-06
0.1010E+030.2454E-030.1895E+03     AA L AAAAAAAAAAAA
 0.64986119E-01 0.14430000E+03 0.51706967E+00 0.31929338E-03 0.52751967E+02 0.32333847E-01 0.18900535E+06 0.11608997E+02
 0.20000000E-03 0.12640228E-04 0.19140000E-10 0.12773144E-06
0.1020E+030.2064E-030.1927E+03     AA L AAAAAAAAAAAA
 0.56199351E-01 0.13310000E+03 0.38610400E+00 0.30869401E-03 0.55484637E+02 0.30977113E-01 0.18700529E+06 0.14273356E+02
 0.20000000E-03 0.12640228E-04 0.19140000E-10 0.11300820E-06
0.1030E+030.1741E-030.1965E+03     AA L AAAAAAAAAAAA
 0.48584565E-01 0.12380000E+03 0.28820441E+00 0.29870032E-03 0.58373163E+02 0.29669894E-01 0.18400521E+06 0.17413495E+02
 0.20000000E-03 0.12640228E-04 0.19140000E-10 0.99942542E-07
0.1040E+030.1474E-030.2011E+03     AA L AAAAAAAAAAAA
 0.42005340E-01 0.11540000E+03 0.21537910E+00 0.28911041E-03 0.61396764E+02 0.28422095E-01 0.18200515E+06 0.21505190E+02
 0.20000000E-03 0.12640228E-04 0.19140000E-10 0.88407710E-07
0.1050E+030.1253E-030.2059E+03     AA L AAAAAAAAAAAA
 0.36808931E-01 0.10780000E+03 0.16173412E+00 0.27962145E-03 0.64493098E+02 0.27332746E-01 0.17800504E+06 0.26643599E+02
 0.20000000E-03 0.12640228E-04 0.19140000E-10 0.79105741E-07
0.1060E+030.1070E-030.2117E+03     AA L AAAAAAAAAAAA
 0.32375241E-01 0.99470000E+02 0.12177510E+00 0.27114196E-03 0.67734897E+02 0.26312720E-01 0.17500495E+06 0.32923875E+02
 0.20000000E-03 0.12640228E-04 0.19140000E-10 0.70993331E-07
0.1070E+030.9173E-040.2179E+03     AA L AAAAAAAAAAAA
 0.28474834E-01 0.93190000E+02 0.91516137E-01 0.26286435E-03 0.71122161E+02 0.25332306E-01 0.17100484E+06 0.39489619E+02
 0.20000000E-03 0.12640228E-04 0.19140000E-10 0.63719464E-07
0.1080E+030.7902E-040.2250E+03     AA L AAAAAAAAAAAA
 0.25182121E-01 0.88860000E+02 0.69648566E-01 0.25579811E-03 0.70852011E+02 0.24431118E-01 0.16700473E+06 0.47197232E+02
 0.20000000E-03 0.12640228E-04 0.19140000E-10 0.57449898E-07
0.1090E+030.6842E-040.2335E+03     AA L AAAAAAAAAAAA
 0.22447495E-01 0.84650000E+02 0.53934682E-01 0.24852997E-03 0.69885706E+02 0.23619058E-01 0.16300461E+06 0.55190311E+02
 0.20000000E-03 0.12640228E-04 0.19140000E-10 0.52145631E-07
0.1100E+030.5956E-040.2426E+03     AA L AAAAAAAAAAAA
 0.20066324E-01 0.80510000E+02 0.34944160E-01 0.24085804E-03 0.68805106E+02 0.22846611E-01 0.15800447E+06 0.63278547E+02
 0.20000000E-03 0.12640228E-04 0.19140000E-10 0.47455644E-07
0.1110E+030.5212E-040.2521E+03     AA L AAAAAAAAAAAA
 0.17995202E-01 0.76540000E+02 0.21088371E-01 0.23399369E-03 0.67662164E+02 0.22123680E-01 0.15300433E+06 0.71461938E+02
 0.20000000E-03 0.12640228E-04 0.19140000E-10 0.43282433E-07
0.1120E+030.4583E-040.2615E+03     AA L AAAAAAAAAAAA
 0.16246530E-01 0.72680000E+02 0.13206455E-01 0.22682650E-03 0.69314235E+02 0.21470070E-01 0.14900422E+06 0.78884083E+02
 0.20000000E-03 0.12640228E-04 0.19140000E-10 0.39713753E-07
0.1130E+030.4051E-040.2730E+03     AA L AAAAAAAAAAAA
 0.14776901E-01 0.68940000E+02 0.84733094E-02 0.22097161E-03 0.71298798E+02 0.20875880E-01 0.14500410E+06 0.85544983E+02
 0.20000000E-03 0.12640228E-04 0.19140000E-10 0.36661849E-07
0.1140E+030.3600E-040.2853E+03     AA L AAAAAAAAAAAA
 0.13462296E-01 0.65250000E+02 0.55213371E-02 0.21531861E-03 0.73231409E+02 0.20301496E-01 0.14100399E+06 0.91254325E+02
 0.20000000E-03 0.12640228E-04 0.19140000E-10 0.33892710E-07
0.1150E+030.3216E-040.2991E+03     AA L AAAAAAAAAAAA
 0.12333720E-01 0.61590000E+02 0.34194928E-02 0.20905994E-03 0.75475731E+02 0.19786532E-01 0.13700388E+06 0.94775087E+02
 0.20000000E-03 0.12640228E-04 0.19140000E-10 0.31484338E-07
0.1160E+030.2887E-040.3122E+03     AA L AAAAAAAAAAAA
 0.11304360E-01 0.57980000E+02 0.20688781E-02 0.20330599E-03 0.75849785E+02 0.19281470E-01 0.13200374E+06 0.98010381E+02
 0.20000000E-03 0.12640228E-04 0.19140000E-10 0.29251476E-07
0.1170E+030.2603E-040.3242E+03     AA L AAAAAAAAAAAA
 0.10442426E-01 0.54420000E+02 0.13126537E-02 0.19735016E-03 0.75849785E+02 0.18835827E-01 0.12600357E+06 0.10276817E+03
 0.20000000E-03 0.12640228E-04 0.19140000E-10 0.27369631E-07
0.1180E+030.2357E-040.3383E+03     AA L AAAAAAAAAAAA
 0.96859081E-02 0.50890000E+02 0.85202613E-03 0.19260568E-03 0.75849785E+02 0.18419894E-01 0.11900337E+06 0.10657439E+03
 0.20000000E-03 0.12640228E-04 0.19140000E-10 0.25692546E-07
0.1190E+030.2143E-040.3526E+03     AA L AAAAAAAAAAAA
 0.89851990E-02 0.47370000E+02 0.54973617E-03 0.18776025E-03 0.75849785E+02 0.18013864E-01 0.11100314E+06 0.11038062E+03
 0.20000000E-03 0.12640228E-04 0.19140000E-10 0.24112966E-07
0.1200E+030.1955E-040.3653E+03     AA L AAAAAAAAAAAA
 0.83775044E-02 0.43850000E+02 0.36612449E-03 0.18341956E-03 0.75849785E+02 0.17647447E-01 0.10300292E+06 0.10847751E+03
 0.20000000E-03 0.12640228E-04 0.19140000E-10 0.22738147E-07
-1.0
-1.0
%